9781546138570
9789502817224
9789506447618
9789507326646
9789877185959
9789877186178
9788427222694
9789877353709
9781339043258
9780593336823
9789877693904
9781546171454
9781546171423
9781546176435
9781546171447
9789878222370
9781546171430
9789998913226
9780194045575
9780194248877
9780194506489
9780194552875
9780194645744
9780194808330
9789877365504
9781339044866
9780593730249
9789915677439
9780593831243
9780593857243
9781631138577
9788412981551
9781464227318
9788419743756
9788448857554
9788448864897
9788466658362
9788466659840
9788467033434
9781546148043
9789504985761
9798217091508
9789507325823
9789507326493
9789874924650
9789874924711
9788427222717
9786313004119
9788410352063
9789877479911
