9789878001388
9789878201450
9789878201467
9789878202280
9789915677774
9789878266022
9789878940670
9789878945316
9789878987217
9789915651156
9789915651927
9789915651941
9789915662176
9789915662381
9788427216747
9789974738416
9789974904866
9789996737152
628136612043
78041108351
7807202936174
7807202936198
7908011753737
843479157635
9780062326980
9780062327000
9780143127680
9780194034050
9780194034128
9780194034135
9780194046527
9780194049245
9780194049276
9780194052566
9780194123792
9780194049726
9780194219044
9780194049757
9780194049870
9780194237956
9780194238021
9780194238540
9780194239028
9780194239424
9780194239431
9780194245586
9780194247061
9780194247597
9780194249805
9780194302524
