9780545244701
9780545312844
9780545342520
9780545344784
9780545365826
9780545436854
9780545453479
9780545605700
9780545630092
9780545683661
9780545698955
9780545732796
9780545784023
9780545814461
9780545848619
9780545883795
9780590265874
9780590420129
9780590432290
9780590465717
9780590475631
9780590642668
9780590847797
9780590931540
9780590982078
9789995319137
9780593570357
9780689806278
9780721426235
9780723247739
9780843139938
9780883880524
9780884483090
9781302930288
9781302946562
9781302948078
9781338042887
9781338121803
9781338121827
9781338129342
9781338151749
