9788419399601
9788419399724
9788419437365
9788420401768
9788420416502
9788420419220
9788420431628
9788420435985
9788420456560
9788423432929
9788423434817
9788423435999
9788425353437
9788425359729
9788425361517
9788426403339
9788426404480
9788426424570
9788427045965
9788427049741
9788427051430
9788430607099
9781338767636
9788430616800
9788432237720
9788432241536
9788432248160
9788433968524
9788433971586
9788433977090
9788434433946
9788434435834
9788439742401
9788445004326
9788445013274
9788445014318
9788449339486
9788449339936
9788449340093
9788449340598
9788449340918
9788466331968
9788466332071
9788466349208
9788466354509
9788466359313
9788466360906
9788466361002
9788466363747
9788466372824
