9780399592553
9789504987208
9781612620251
9789878203126
9780375726262
9780525509028
9783791387369
9781426215643
9781984823274
9781524746742
9780385545310
9780142410349
9780385347778
9789878206813
9780679743460
9780593581940
9780399242861
9781607749806
9783791389516
9789877254112
9780804172264
9789877979299
9780593699263
9781611808056
9780593230923
9780439846813
9781339043456
9780545208895
9781338805062
9781338815283
9780593983560
9780593231852
9780143139089
9780593298589
9781546152330
9789878205564
9780593732236
9780142408803
9798217059201
9781400077830
9780679727224
9780593715123
9780593517444
9780593522004
9780593977309
9788430602216
9780593582381
9783791346595
9780147510488
9780593751831
