9789974744677
9780062698490
9780064471107
9780194023009
9789974697850
9780194049399
9780194238557
9780194239035
9780194239356
9780194239660
9780194305921
9780194317214
9780194325387
9780194370875
9780194372008
9780194375993
9780194387545
9780194413299
9780194413329
9780194429252
9780194506601
9780194534680
9780194534727
9780194569538
9780194571937
9780194574211
9780194577366
9780194579186
9780194609135
9780194644204
9780194646390
9780194715171
9780194729338
9780194740098
9780194769587
9780194774536
9780194791168
9780194808323
9780194645669
9780198394778
9780307931511
9780439269971
9780465024117
9780525515746
