9788426407740
9788448031121
9788448033811
9788449338939
9788466344906
9788466358736
9788427050587
9789506447496
9788499891828
9781538704370
9781546114468
9789502817552
9789502817903
9789504991304
9789501533231
9789875668898
9789875808621
9789875808683
9789875808690
9780063420199
9789877184570
9789877186444
9789877186666
9789877257335
9780380709243
9789877371222
9789877392463
9789877477962
9789915686936
9781339013220
9789877691481
9789877691597
9789877693911
9789878001906
9789878221069
9789878222424
9789878266190
9789878453057
9875661929
9786316620217
9786316620507
9786316691149
9786316691255
9788408254645
9788408258889
9788412586305
9788413147475
9788413441504
9788418620362
9788423347926
