2111700102838
2160400201433
2160400201440
2160400201464
2180400161445
2180400180767
2180400181689
2180400181870
2180400203138
2180400203343
2180400203572
2180400203800
2180400204296
3760195712481
5060213019133
6014416991955
6933256637741
7754111020435
7754111030984
7754111557511
7754111557993
7754111649285
7798083705952
7798083708786
7798083708823
7798083709271
7798356618231
7798356618255
7799133007231
7807202936174
7807202936198
7840090002026
7891360152002
7891360154815
7891360490050
7891360539353
7891360583516
7891360612650
7891360635581
7891360656227
7891360662471
7891360674634
7891360674641
7891360676263
7891360740001
7891360796411
7908011753737
8438051042809
8607020240250
8901180431511
8901180431993
8902023000390
9190025014487
9500726068
9506201773
9780008203917
9780008239961
9780008240035
9780060256678
9780060518509
9780060934866
9780060936228
9780061702235
9780061935046
9780061935060
9780062073488
9780062086334
9780062234896
9780062236937
9780062268143
9780062279286
9780062300553
9780062305015
9780062326980
9780062327000
9780062343352
9780062404213
9780062404527
9780062414168
9780062415240
9780062430649
9780062430670
9780062430700
9780062430731
9780062430762
9780062430793
9780062432407
9780062432612
9780062434159
9780062475763
9780062563903
9780062641540
9780062662378
9780062675248
9780062692788
9780062692801
9780062698490
9780062699947
9780062699978
9780062836533
9780062836557
9780062851062
9780062868268
9780062868305
9780062868329
9780062868350
9780062868459
9780062875471
9780062890306
9780062930651
9780062930682
9780062933683
9780062964502
9780062972453
9780062974174
9780062974266
9780062974396
9780062974419
9780062989628
9780062989642
9780062992321
9780062993168
9780063031722
9780063037427
9780063037557
9780063037571
9780063050112
9780063056503
9780063056763
9780063060692
9780063060715
9780063070950
9780063070981
9780063071025
9780063080096
9780063083714
9780063092983
9780063096103
9780063096165
9780063097308
9780063111486
9780063116276
9780063116313
9780063116337
9780063157798
9780063159983
9780063203907
9780063204164
9780063222588
9780063251922
9780063257207
9780063258716
9780063258761
9780063268456
9780063271098
9780063272439
9780063272453
9780063287877
9780063290099
9780063290198
9780063299511
9780063305656
9780063306509
9780063306691
9780063311206
9780063311220
9780063311244
9780063320970
9780063327399
9780063327412
9780063327535
9780063335592
9780063343160
9780063343184
9780063343221
9780063349407
9780063351127
9780063351318
9780063354777
9780063355392
9780063355422
9780063371781
9780063373471
9780063373501
9780063374249
9780063374683
9780063375697
9780063377738
9780063378308
9780063378995
9780063382435
9780063384651
9780063387621
9780063389779
9780063394063
9780063395695
9780063413108
9780063413672
9780063413825
9780063414686
9780063415195
9780063415911
9780063416659
9780063418561
9780063419803
9780063420199
9780063424784
9780063429147
9780063430686
9780063432109
9780063433151
9780063434790
9780063439221
9780063442726
9780063450042
9780063454118
9780063467910
9780064409391
9780064471107
9780140150469
9780141194561
9780143039976
9780143107231
9780143111528
9780143122968
9780143131618
9780143133100
9780143134152
9780143138228
9780143138594
9780143139089
9780147510488
9780152024499
9780152057800
9780156949606
9780194005043
9780194005067
9780194005074
9780194005272
9780194005333
9780194005388
9780194005654
9780194005692
9780194006002
9780194006019
9780194006026
9780194006033
9780194006040
9780194016285
9780194016292
9780194016308
9780194016483
9780194016490
9780194016506
9780194023009
9780194033572
9780194033596
9780194033602
9780194033619
9780194033640
9780194033657
9780194033671
9780194033688
9780194034050
9780194034067
9780194034128
9780194034135
9780194034159
9780194034449
9780194034456
9780194034463
9780194034470
9780194034487
9780194034494
9780194034517
9780194034524
9780194034531
9780194034654
9780194034715
9780194046688
9780194046756
9780194049245
9780194049276
9780194049368
9780194049399
9780194049481
9780194049511
9780194049603
9780194049634
9780194049726
9780194049757
9780194049849
9780194049870
9780194049962
9780194050081
9780194050111
9780194052153
9780194052160
9780194052177
9780194052207
9780194052306
9780194052344
9780194053969
9780194053983
9780194060950
9780194060974
9780194061100
9780194061124
9780194061254
9780194061278
9780194061407
9780194061421
9780194061704
9780194061728
9780194063364
9780194070003
9780194070010
9780194070034
9780194070065
9780194070669
9780194110549
9780194113946
9780194114189
9780194118453
9780194123532
9780194123570
9780194123693
9780194123792
9780194131070
9780194131087
9780194131124
9780194233958
9780194233965
9780194234207
9780194236195
9780194237956
9780194238540
9780194238557
9780194239035
9780194239158
9780194239349
9780194239356
9780194239424
9780194239660
9780194239721
9780194245746
9780194247665
9780194247696
9780194248945
9780194249133
9780194249799
9780194249805
9780194266758
9780194278584
9780194278638
9780194278669
9780194278713
9780194278737
9780194302524
9780194302647
9780194305648
9780194305778
9780194305921
9780194305945
9780194317214
9780194325387
9780194337311
9780194364355
9780194369763
9780194370875
9780194372008
9780194375993
9780194387545
9780194392914
9780194397360
9780194397988
9780194401029
9780194407298
9780194407311
9780194407366
9780194407373
9780194407380
9780194407397
9780194410076
9780194410274
9780194413299
9780194413329
9780194413619
9780194413640
9780194421928
9780194429252
9780194433433
9780194433440
9780194433679
9780194433686
9780194442428
9780194442862
9780194455138
9780194455169
9780194455213
9780194455237
9780194455268
9780194455336
9780194463218
9780194463454
9780194463478
9780194463720
9780194463737
9780194463744
9780194463980
9780194463997
9780194506052
9780194506175
9780194506601
9780194518000
9780194518048
9780194518260
9780194518307
9780194518321
9780194520515
9780194527675
9780194534680
9780194534727
9780194537773
9780194538220
9780194538237
9780194539678
9780194551038
9780194551069
9780194552882
9780194553674
9780194556385
9780194556392
9780194556408
9780194556415
9780194569538
9780194569880
9780194571937
9780194574211
9780194574709
9780194577366
9780194578028
9780194578196
9780194579032
9780194579063
9780194579186
9780194579278
9780194579452
9780194603287
9780194603294
9780194609135
9780194626194
9780194626200
9780194626224
9780194626231
9780194626248
9780194626309
9780194626316
9780194641531
9780194641555
9780194641579
9780194641821
9780194643207
9780194643214
9780194643221
9780194643238
9780194643252
9780194643269
9780194643405
9780194643764
9780194643771
9780194643788
9780194643887
9780194644204
9780194644419
9780194644457
9780194644488
9780194644983
9780194644990
9780194645003
9780194645034
9780194645058
9780194645584
9780194645614
9780194645645
9780194645652
9780194645669
9780194646277
9780194646291
9780194646314
9780194646321
9780194646338
9780194646352
9780194646369
9780194646390
9780194646529
9780194646536
9780194646567
9780194646574
9780194646710
9780194646796
9780194646802
9780194646819
9780194646826
9780194646840
9780194646857
9780194646864
9780194704588
9780194715171
9780194722384
9780194722674
9780194722698
9780194725880
9780194725910
9780194726115
9780194726146
9780194726344
9780194726375
9780194726412
9780194727785
9780194729024
9780194729215
9780194729338
9780194729352
9780194729642
9780194729932
9780194730259
9780194730532
9780194730648
9780194739412
9780194740098
9780194740104
9780194748568
9780194748599
9780194748797
9780194756242
9780194769587
9780194770019
9780194770200
9780194774253
9780194774413
9780194774536
9780194774574
9780194776301
9780194779012
9780194779142
9780194780056
9780194790536
9780194791168
9780194791656
9780194791830
9780194791984
9780194794206
9780194794466
9780194796316
9780194796330
9780194796354
9780194796361
9780194796378
9780194796385
9780194802529
9780194802536
9780194802543
9780194802574
9780194802727
9780194802789
9780194802871
9780194803038
9780194803090
9780194808088
9780194808293
9780194808309
9780194808323
9780194808330
9780194808347
9780194808422
9780194808620
9780194808637
9780194808644
9780194808651
9780194808668
9780194808675
9780194812078
9780194812313
9780194816250
9780194816441
9780194816465
9780194816656
9780194816823
9780194817486
9780194817608
9780194817653
9780194822718
9780194824491
9780194824507
9780194824521
9780194824545
9780194824583
9780194824620
9780194906029
9780194906050
9780194906258
9780194906487
9780194906524
9780194906753
9780194906944
9780194906982
9780194907170
9780194907217
9780198394778
9780198418214
9780241616116
9780262049504
9780307030719
9780307386410
9780307465375
9780307587428
9780307931511
9780307947987
9780307980793
9780316023757
9780316040532
9780316056199
9780316252164
9780316258777
9780316370950
9780316527156
9780316537049
9780316556514
9780316569934
9780316574525
9780316585057
9780316669412
9780345514400
9780345545893
9780345804853
9780349132617
9780374348106
9780374602048
9780375802928
9780375836909
9780375846847
9780375860942
9780375860959
9780375867309
9780375870286
9780375870354
9780380709182
9780380709243
9780380709540
9780380709601
9780385333481
9780385348737
9780385348744
9780385545310
9780385546898
9780385549370
9780385549868
9780385550444
9780385551281
9780385738101
9780385752794
9780394750590
9780394800752
9780394800936
9780394839127
9780394871806
9780394890487
9780399164033
9780399244919
9780399245039
9780399250651
9780399256738
9780399257629
9780399535796
9780399545061
9780399547645
9780439086974
9780439087292
9780439168243
9780439206389
9780439231916
9780439269971
9780439350846
9780439398855
9780439538206
9780439545617
9780439545679
9780439551090
9780439650762
9780439661256
9780439680516
9780439691383
9780439693820
9780439693912
9780439711210
9780439731232
9780439756952
9780439773751
9780439773829
9780439791441
9780439796446
9780439798341
9780439833127
9780439862271
9780439871990
9780439893619
9780439894036
9780439894050
9780439903745
9780439915311
9780440180296
9780440236764
9780440351832
9780440416029
9780440419396
9780440420477
9780446569903
9780448435213
9780448451091
9780449813379
9780449912102
9780451228307
9780451418500
9780451465443
9780451487742
9780451495150
9780451531346
9780451531704
9780451533906
9780451534040
9780451534057
9780465024117
9780470425244
9780486418353
9780486426426
9780516222431
9780516246673
9780516261676
9780516262772
9780516293752
9780516460345
9780525429760
9780525432227
9780525434665
9780525435280
9780525435655
9780525515746
9780525521440
9780525536963
9780525552932
9780525552956
9780525555919
9780525555988
9780525556558
9780525558989
9780525567141
9780525573029
9780525573067
9780525574514
9780525581581
9780525635567
9780525707332
9780525707998
9780531212059
9780531218273
9780531230718
9780531237007
9780531252314
9780531281062
9780544336261
9780544570986
9780544935204
9780545014472
9780545029889
9780545029957
9780545042475
9780545068239
9780545078825
9780545083690
9780545088473
9780545098915
9780545102704
9780545108553
9780545115186
9780545156677
9780545175326
9780545176002
9780545195713
9780545208857
9780545208871
9780545211185
9780545215930
9780545220958
9780545222365
9780545225298
9780545237574
9780545244701
9780545245036
9780545312844
9780545342520
9780545344784
9780545349659
9780545352239
9780545365826
9780545417235
9780545425599
9780545436854
9780545453479
9780545458184
9780545538107
9780545561631
9780545562089
9780545605700
9780545630092
9780545636315
9780545642804
9780545651882
9780545682442
9780545683661
9780545685344
9780545698306
9780545698955
9780545703215
9780545732796
9780545733120
9780545741729
9780545750332
9780545750356
9780545784023
9780545785044
9780545795401
9780545797610
9780545800723
9780545814461
9780545819985
9780545825030
9780545828604
9780545828659
9780545848619
9780545856317
9780545859264
9780545861243
9780545861298
9780545861311
9780545861359
9780545861779
9780545868150
9780545883795
9780545886482
9780545890137
9780545891387
9780545919777
9780545932233
9780545935340
9780553384925
9780553521078
9780573681578
9780578295268
9780590149044
9780590259453
9780590262675
9780590265874
9780590270489
9780590275583
9780590420129
9780590420426
9780590432290
9780590441858
9780590449724
9780590456937
9780590456944
9780590465717
9780590471220
9780590475631
9780590487719
9780590642668
9780590847797
9780590930031
9780590931540
9780590940641
9780590982078
9780593081501
9780593081617
9780593083888
9780593084663
9780593098240
9780593122518
9780593122983
9780593123010
9780593123102
9780593123416
9780593133576
9780593134092
9780593135228
9780593136362
9780593137642
9780593138168
9780593138359
9780593139158
9780593174265
9780593174388
9780593174715
9780593176528
9780593176580
9780593177761
9780593180075
9780593186008
9780593187524
9780593189214
9780593223734
9780593230381
9780593230923
9780593231852
9780593232866
9780593233016
9780593233528
9780593234839
9780593235508
9780593238684
9780593243091
9780593244036
9780593297063
9780593298589
9780593299531
9780593308257
9780593310083
9780593311806
9780593335666
9780593349922
9780593355442
9780593357286
9780593357378
9780593374207
9780593375228
9780593377727
9780593379608
9780593379639
9780593379882
9780593405888
9780593418574
9780593421338
9780593421536
9780593422434
9780593422878
9780593425787
9780593426869
9780593429730
9780593429778
9780593434611
9780593438060
9780593441077
9780593447666
9780593448977
9780593462553
9780593467732
9780593468463
9780593468630
9780593480335
9780593481493
9780593486283
9780593486955
9780593488096
9780593489727
9780593492222
9780593493908
9780593497678
9780593512845
9780593513095
9780593517444
9780593519264
9780593521656
9780593521731
9780593522004
9780593522615
9780593523629
9780593527047
9780593527177
9780593527184
9780593527191
9780593527207
9780593527214
9780593527221
9780593528655
9780593540749
9780593541364
9780593542927
9780593543610
9780593544006
9780593544891
9780593545171
9780593549551
9780593549575
9780593563076
9780593563106
9780593566718
9780593566794
9780593566916
9780593569047
9780593570357
9780593578124
9780593580141
9780593580806
9780593581490
9780593581940
9780593582015
9780593582381
9780593582398
9780593582404
9780593582428
9780593582435
9780593595442
9780593615706
9780593621028
9780593621776
9780593621967
9780593622360
9780593624531
9780593643792
9780593643938
9780593643945
9780593643952
9780593644560
9780593644591
9780593645772
9780593648360
9780593650899
9780593654705
9780593654712
9780593654729
9780593655115
9780593655733
9780593658925
9780593660324
9780593660348
9780593661246
9780593661277
9780593685280
9780593688434
9780593689585
9780593691618
9780593694015
9780593699263
9780593703403
9780593704950
9780593705759
9780593706275
9780593706305
9780593707562
9780593707791
9780593708712
9780593709979
9780593710388
9780593710586
9780593712382
9780593712641
9780593713020
9780593713082
9780593714089
9780593714379
9780593715529
9780593715543
9780593716236
9780593717684
9780593717790
9780593718322
9780593722633
9780593723692
9780593728161
9780593729281
9780593730249
9780593732250
9780593733479
9780593750544
9780593751831
9780593796801
9780593799031
9780593799581
9780593800102
9780593800737
9780593801307
9780593807989
9780593809242
9780593809860
9780593813355
9780593813546
9780593814222
9780593816134
9780593816837
9780593818459
9780593831236
9780593831243
9780593833575
9780593834510
9780593834862
9780593850671
9780593852255
9780593852507
9780593854020
9780593854051
9780593855720
9780593855942
9780593857243
9780593871461
9780593871478
9780593871485
9780593874707
9780593874721
9780593887936
9780593888025
9780593889091
9780593889404
9780593890196
9780593897614
9780593898284
9780593898611
9780593898758
9780593899083
9780593899557
9780593900390
9780593900734
9780593901779
9780593902165
9780593902677
9780593902691
9780593956731
9780593972434
9780593973783
9780593977309
9780593977620
9780593978511
9780593983249
9780593983256
9780593983515
9780593983522
9780593983539
9780593994191
9780679729655
9780679775430
9780679838869
9780679844075
9780679863748
9780679877615
9780679887386
9780679891154
9780689806278
9780691169309
9780692189030
9780692617700
9780694007097
9780718086923
9780718087166
9780718091866
9780721426235
9780723247739
9780735217966
9780735231535
9780735267893
9780743215992
9780744028638
9780761151135
9780761158431
9780762463541
9780762491483
9780763679224
9780763680893
9780765350374
9780765378583
9780770436698
9780778387909
9780781810661
9780785294771
9780786836512
9780789348418
9780789348494
9780789348630
9780790613390
9780792266709
9780804185622
9780807017708
9780812982046
9780812983043
9780823443475
9780823446865
9780823446896
9780823446902
9780823446919
9780823446926
9780823449644
9780823451845
9780843139938
9780876145463
9780883880524
9780884483090
9780887437052
9780887437069
9781081293239
9781101932421
9781105567599
9781119868569
9781152825628
9781157445340
9781157775942
9781250095299
9781250166548
9781250209764
9781250209788
9781250217431
9781250223180
9781250301703
9781250348838
9781250757319
9781250802729
9781250819352
9781250842725
9781250850553
9781250860019
9781250866455
9781250899668
9781250899699
9781250899712
9781257771974
9781302930288
9781302932152
9781302934729
9781302946562
9781302948078
9781302948542
9781302957179
9781302960995
9781328714329
9781331423577
9781335424921
9781338030310
9781338042887
9781338045840
9781338047257
9781338048704
9781338053807
9781338054675
9781338089905
9781338099195
9781338117509
9781338118155
9781338118452
9781338118513
9781338121186
9781338121803
9781338121827
9781338129342
9781338130201
9781338137200
9781338141580
9781338151749
9781338158892
9781338158908
9781338159172
9781338159356
9781338159653
9781338166484
9781338180633
9781338187779
9781338187793
9781338187816
9781338208672
9781338208696
9781338210194
9781338210224
9781338214512
9781338214581
9781338215243
9781338232172
9781338233148
9781338233414
9781338233537
9781338233551
9781338233582
9781338233605
9781338237917
9781338239553
9781338239904
9781338239911
9781338239935
9781338239942
9781338239959
9781338239966
9781338253771
9781338253788
9781338262513
9781338268539
9781338269017
9781338269055
9781338273298
9781338274035
9781338281613
9781338284263
9781338284324
9781338285260
9781338295207
9781338297003
9781338299298
9781338299496
9781338299519
9781338299564
9781338300710
9781338300802
9781338311488
9781338312249
9781338322965
9781338322972
9781338327144
9781338328608
9781338328660
9781338329124
9781338329711
9781338329865
9781338330182
9781338330557
9781338335491
9781338339345
9781338355246
9781338355871
9781338359749
9781338359770
9781338503296
9781338504927
9781338505252
9781338540420
9781338541199
9781338541243
9781338545890
9781338547092
9781338547573
9781338549256
9781338553826
9781338561609
9781338561630
9781338561678
9781338566697
9781338566772
9781338568905
9781338574999
9781338575729
9781338580730
9781338580754
9781338580846
9781338582970
9781338583007
9781338587197
9781338587531
9781338589207
9781338596588
9781338596649
9781338601176
9781338606522
9781338608472
9781338608816
9781338608908
9781338612264
9781338614060
9781338617436
9781338617474
9781338627725
9781338629132
9781338630992
9781338643732
9781338643824
9781338643893
9781338647433
9781338648058
9781338648263
9781338656190
9781338662078
9781338665109
9781338666045
9781338666274
9781338666540
9781338668001
9781338668322
9781338668407
9781338670066
9781338670073
9781338670080
9781338670097
9781338670776
9781338677171
9781338680126
9781338680270
9781338680294
9781338681413
9781338681796
9781338682243
9781338682267
9781338684667
9781338684681
9781338686531
9781338687071
9781338687170
9781338687224
9781338692211
9781338692242
9781338692266
9781338692686
9781338702262
9781338702279
9781338714548
9781338715422
9781338715477
9781338716405
9781338717402
9781338726763
9781338732733
9781338734256
9781338736625
9781338739961
9781338739978
9781338740271
9781338741315
9781338744842
9781338744989
9781338745184
9781338745245
9781338745252
9781338745269
9781338745436
9781338745467
9781338745535
9781338745627
9781338745658
9781338745733
9781338745740
9781338745757
9781338745795
9781338745986
9781338746730
9781338748970
9781338749021
9781338752250
9781338752502
9781338753356
9781338756364
9781338756845
9781338764758
9781338766530
9781338766554
9781338766660
9781338766691
9781338767230
9781338767483
9781338767506
9781338767513
9781338767940
9781338769951
9781338770476
9781338775396
9781338775402
9781338776218
9781338776225
9781338776232
9781338776249
9781338776348
9781338776355
9781338777246
9781338784015
9781338787849
9781338792164
9781338792447
9781338792850
9781338794595
9781338794656
9781338794977
9781338795349
9781338795356
9781338795363
9781338796339
9781338796452
9781338796476
9781338796483
9781338797855
9781338797886
9781338798197
9781338799613
9781338800296
9781338800326
9781338800395
9781338803365
9781338803921
9781338803938
9781338804393
9781338805062
9781338805123
9781338805772
9781338805857
9781338807646
9781338809589
9781338809978
9781338810431
9781338812312
9781338812763
9781338814156
9781338814187
9781338814491
9781338814668
9781338815191
9781338815399
9781338816105
9781338816143
9781338817140
9781338817164
9781338823042
9781338823059
9781338823523
9781338824490
9781338825251
9781338825510
9781338825893
9781338825923
9781338825954
9781338826456
9781338826784
9781338827170
9781338827200
9781338828153
9781338828566
9781338829426
9781338829457
9781338829570
9781338830835
9781338830910
9781338832334
9781338835403
9781338835755
9781338835762
9781338835786
9781338835793
9781338837513
9781338844771
9781338845679
9781338847109
9781338847130
9781338847178
9781338847314
9781338847321
9781338848120
9781338848137
9781338849134
9781338849998
9781338850086
9781338851946
9781338851953
9781338853636
9781338853742
9781338854046
9781338859164
9781338864182
9781338864625
9781338865356
9781338865561
9781338865608
9781338865639
9781338874112
9781338874129
9781338875539
9781338875645
9781338878882
9781338879117
9781338882957
9781338883145
9781338883329
9781338883442
9781338883497
9781338888881
9781338890334
9781338890587
9781338890600
9781338890617
9781338892420
9781338892444
9781338892710
9781338892734
9781338894363
9781338894424
9781338894448
9781338894875
9781338894899
9781338895018
9781338895070
9781338896749
9781338899603
9781339000923
9781339008714
9781339011325
9781339011967
9781339011974
9781339013183
9781339013220
9781339014982
9781339018157
9781339019123
9781339019918
9781339020587
9781339020617
9781339020648
9781339020679
9781339020822
9781339020853
9781339020914
9781339021577
9781339023120
9781339027678
9781339027692
9781339032306
9781339032320
9781339035475
9781339036335
9781339037639
9781339037653
9781339038087
9781339038193
9781339041209
9781339042206
9781339042534
9781339043227
9781339043241
9781339043265
9781339043456
9781339043678
9781339043685
9781339043692
9781339046969
9781339047591
9781339056302
9781345522792
9781368026963
9781368051477
9781368068239
9781368075749
9781368080507
9781368084819
9781368090360
9781368090377
9781368090926
9781368090933
9781368092661
9781368095099
9781368097925
9781368102209
9781368102216
9781368106269
9781368113113
9781399618199
9781399627832
9781400078776
9781400079278
9781400212323
9781400216802
9781400219490
9781400247134
9781400248353
9781400336111
9781400336159
9781400336166
9781400346561
9781400346578
9781400346929
9781400349326
9781400349333
9781400351817
9781401954758
9781414391335
9781416958192
9781418597795
9781419782930
9781419783531
9781419784392
9781426202919
9781426209482
9781426218156
9781426219078
9781426219085
9781426219719
9781426221675
9781426223167
9781426306266
9781426320446
9781426320705
9781426322518
9781426323164
9781426324826
9781426324840
9781426324864
9781426324901
9781426324925
9781426324949
9781426324963
9781426324987
9781426325991
9781426326028
9781426333514
9781426338120
9781426338830
9781426338908
9781426371394
9781426371837
9781426373640
9781426373701
9781426373732
9781426373749
9781426374197
9781426374517
9781426374708
9781426375156
9781426375392
9781426375712
9781426375781
9781426376511
9781426376849
9781426376856
9781426377211
9781426377235
9781426377860
9781439149270
9781441343062
9781442370807
9781442472433
9781442472464
9781443460712
9781447943600
9781449486792
9781449486808
9781450744294
9781451627299
9781455538744
9781455561186
9781455588824
9781464221132
9781464227288
9781464227318
9781465290397
9781465497864
9781467705912
9781481411318
9781481497077
9781483450629
9781484785058
9781496740984
9781496743947
9781501160776
9781501180972
9781501194801
9781505713893
9781506219837
9781506266077
9781510719040
9781523005895
9781523093144
9781524711849
9781524712433
9781524712488
9781524713157
9781524742775
9781524757908
9781524761431
9781524762421
9781524763596
9781524764203
9781524770068
9781524790783
9781524899325
9781534404212
9781534421813
9781534450622
9781536618211
9781538704370
9781539689713
9781543323993
9781543329681
9781543329698
9781543329704
9781543329711
9781543334791
9781543382280
9781543386028
9781543386035
9781543386042
9781543386059
9781543386134
9781543386141
9781543386158
9781544512273
9781544542911
9781545486832
9781546104452
9781546104612
9781546109921
9781546110262
9781546110279
9781546110477
9781546110668
9781546111801
9781546114413
9781546114468
9781546118947
9781546118954
9781546118961
9781546119630
9781546119692
9781546119784
9781546119968
9781546124962
9781546127055
9781546127321
9781546128106
9781546129295
9781546129950
9781546130192
9781546131595
9781546131601
9781546132639
9781546132660
9781546133995
9781546134008
9781546134138
9781546134145
9781546136064
9781546136095
9781546136125
9781546136170
9781546136200
9781546137665
9781546138037
9781546138402
9781546138419
9781546138471
9781546138501
9781546138525
9781546138570
9781546138594
9781546138600
9781546138617
9781546138631
9781546139188
9781546139409
9781546140085
9781546140092
9781546141556
9781546141686
9781546141815
9781546142539
9781546142744
9781546144601
9781546148005
9781546148012
9781546148029
9781546148043
9781546148050
9781546151609
9781546151753
9781546152262
9781546152323
9781546152330
9781546152361
9781546152378
9781546152521
9781546152538
9781546154273
9781546154327
9781546161042
9781546169628
9781546171409
9781546171416
9781546171423
9781546171430
9781546171447
9781546171454
9781546171829
9781546175575
9781546176428
9781546176435
9781546179252
9781546179399
9781552388099
9781557046796
9781557663214
9781559363099
9781560977742
9781562947309
9781569757284
9781578269402
9781580896627
9781580898928
9781580899468
9781585427109
9781588166104
9781589254442
9781589254459
9781589254565
9781589254572
9781589254756
9781589254763
9781589254770
9781589254787
9781589254794
9781589255197
9781589255203
9781589255210
9781589256033
9781589256262
9781589258723
9781589258730
9781590177174
9781592408993
9781602826717
9781604334517
9781607749233
9781607749806
9781607749813
9781609457457
9781611800616
9781611808056
9781611809497
9781612509228
9781616051372
9781619693388
9781623542085
9781623542122
9781623542894
9781625810311
9781625810571
9781625810588
9781631134050
9781631134074
9781631134180
9781631134234
9781631134241
9781631138485
9781631138492
9781631138539
9781631138553
9781631138560
9781631138577
9781631138584
9781631138591
9781631139291
9781631139307
9781631139321
9781631139338
9781631139345
9781631139352
9781631139574
9781631139666
9781631139697
9781631498671
9781634977999
9781635575569
9781636572994
9781637168097
9781638932253
9781639105731
9781639620722
9781639623068
9781641012102
9781641012249
9781641012263
9781644213810
9781644732724
9781644733950
9781644738092
9781645471400
9781645472322
9781646430338
9781647222697
9781664340367
9781664340572
9781664340589
9781664340732
9781664340749
9781664340824
9781664340961
9781664350212
9781664350250
9781664350380
9781664350496
9781664350557
9781664350656
9781665921312
9781669915171
9781669915188
9781669915195
9781669915201
9781669918240
9781680104189
9781680105810
9781680105995
9781680106022
9781680106428
9781680106510
9781680106527
9781680106664
9781680106732
9781682532379
9781682630204
9781682922910
9781682922941
9781683692591
9781683839408
9781684376513
9781705113554
9781705157817
9781728276120
9781728296227
9781728296685
9781743179567
9781779514394
9781779515353
9781779517906
9781779518392
9781779518538
9781779519832
9781779527295
9781782276722
9781787738607
9781794745728
9781797214382
9781797234342
9781797235363
9781835623374
9781835623527
9781849538121
9781878788306
9781912916870
9781933605791
9781943083053
9781943145317
9781943200009
9781945631610
9781946764539
9781951213435
9781953424341
9781958803837
9781958803851
9781984801463
9781984814524
9781984823274
9781984824295
9781984825575
9781984830203
9781984830241
9781984830272
9781984862761
9781984862778
9781984863614
9781984879295
9781984896391
9781984896438
9782764347140
9782764347157
9782764379431
9783791339771
9783791343310
9783791346199
9783791346595
9783791370996
9783791371399
9783791372273
9783791374499
9783791374918
9783791377049
9783791377223
9783791379685
9783791381534
9783791386614
9783791387369
9783791387932
9783791388243
9783791389516
9783791393001
9783791393766
9783791393810
9783836500852
9783836523370
9783836527361
9783836532136
9783836537162
9783836543897
9783836548342
9783937855073
9784805317723
9786070128424
9786070128486
9786070128851
9786070128875
9786070128912
9786070129612
9786070129957
9786070133404
9786070133947
9786070134180
9786070136962
9786070137358
9786070138348
9786070138386
9786073157384
9786077458586
9786180510942
9786180510966
9786180511895
9786180511918
9786180511932
9786180513059
9786180513080
9786180513578
9786180513639
9786180513646
9786180516432
9786180516456
9786180516470
9786180516739
9786180521535
9786180548464
9786180561852
9786180561869
9786180561883
9786180561890
9786180561906
9786180565027
9786180565058
9786180565171
9786180565188
9786180565218
9786180566147
9786180566154
9786180566222
9786180570700
9786180570717
9786180570724
9786180570731
9786180572599
9786180573435
9786180573442
9786180573459
9786180573466
9786310057132
9786310073385
9786313000074
9786313000388
9786313000685
9786313000845
9786313001071
9786313001101
9786313001248
9786313001316
9786313001330
9786313001347
9786313001453
9786313002917
9786313003655
9786313004034
9786313010202
9786313010516
9786313010974
9786313011032
9786313011056
9786313011490
9786313011810
9786313011995
9786313012114
9786313012206
9786313070015
9786313070046
9786313070053
9786313070640
9786313070657
9786313070664
9786313070671
9786313070688
9786313070695
9786313070701
9786313070718
9786313072705
9786316508560
9786316533180
9786316533227
9786316553027
9786316553034
9786316553126
9786316553157
9786316553195
9786316553256
9786316587411
9786316592477
9786316592651
9786316598974
9786316598998
9786316620231
9786316620293
9786316620323
9786316620514
9786316620521
9786316675651
9786316691149
9786316691231
9786316691262
9786316708007
9786319091427
9786379073805
9787558197758
9788408236955
9788412071849
9788412071863
9788412841206
9788412841213
9788412981575
9788416859344
9788416867691
9788418417757
9788423347926
9788423431397
9788425361005
9788425362651
9788425362668
9788425362682
9788425363696
9788425365188
9788426407528
9788426481184
9788426481818
9788426735676
9788427047952
9788430616541
9788432213755
9788432239540
9788433908414
9788434435988
9788439734727
9788439734840
9788439735908
9788439737155
9788439737469
9788439738640
9788448854072
9788449336485
9788449338984
9788449339516
9788449340925
9788466334631
9788466352178
9788466357432
9788466373098
9788466373180
9788466668569
9788466676069
9788467055177
9788467075700
9788467075717
9788490328132
9788490430040
9788490623831
9788490625101
9788490705926
9788490706398
9788491054979
9788491991649
9788491992622
9788491993728
9788494171444
9788494180200
9788494220524
9788494220555
9788494799136
9788494851957
9788494851964
9788494851988
9788494852053
9788497593267
9788498755343
9788499086958
9788499429618
9788499928906
9788499989334
9789339772338
9789390354160
9789500205092
9789500205191
9789500210508
9789500211208
9789500212250
9789500212281
9789500212342
9789500212403
9789500212847
9789500212861
9789500212946
9789500213134
9789500213394
9789500213592
9789500213615
9789500214735
9789500214971
9789500214995
9789500215602
9789500215664
9789500216166
9789500216265
9789500216296
9789500216340
9789500216470
9789500216593
9789500253383
9789500253390
9789500428811
9789500432016
9789500444385
9789500444408
9789500444415
9789500444422
9789500713993
9789500724678
9789500740814
9789500749282
9789500762038
9789500765596
9789500767866
9789500769150
9789500769976
9789500770781
9789500770880
9789500771184
9789500771399
9789500771894
9789500771962
9789500772310
9789500772563
9789500772686
9789500772716
9789500772754
9789501109771
9789501109788
9789501119640
9789501119664
9789501119701
9789501119718
9789501121490
9789501126426
9789501127096
9789501129366
9789501129373
9789501129502
9789501129519
9789501129526
9789501131079
9789501132090
9789501132465
9789501132489
9789501132830
9789501132939
9789501132946
9789501132953
9789501135008
9789501136562
9789501136579
9789501136586
9789501137026
9789501137040
9789501137231
9789501138320
9789501138450
9789501138467
9789501201192
9789501202854
9789501205237
9789501206517
9789501209211
9789501293180
9789501294828
9789501295078
9789501297607
9789501297737
9789501298123
9789501298949
9789501299175
9789501511284
9789501513882
9789501532234
9789501532487
9789501532951
9789502401683
9789502408040
9789502408057
9789502408064
9789502408415
9789502408439
9789502409467
9789502410883
9789502413266
9789502413297
9789502413310
9789502413365
9789502413372
9789502413730
9789502414256
9789502414263
9789502414294
9789502414300
9789502414317
9789502414508
9789502414515
9789502414829
9789502414881
9789502414904
9789502414997
9789502415024
9789502415048
9789502415055
9789502415079
9789502415086
9789502415093
9789502415116
9789502415123
9789502415130
9789502415208
9789502415314
9789502415420
9789502415437
9789502415468
9789502415475
9789502415482
9789502415499
9789502415550
9789502415611
9789502415765
9789502415772
9789502415802
9789502415857
9789502415987
9789502416045
9789502416335
9789502416465
9789502416472
9789502416489
9789502416496
9789502416502
9789502416526
9789502416618
9789502416663
9789502416724
9789502416809
9789502416878
9789502416885
9789502416892
9789502416908
9789502417035
9789502417042
9789502417059
9789502417066
9789502417073
9789502417097
9789502417110
9789502417172
9789502417189
9789502417219
9789502417233
9789502417240
9789502417271
9789502417288
9789502417295
9789502417301
9789502417318
9789502417363
9789502417455
9789502417462
9789502417561
9789502417578
9789502417622
9789502417684
9789502417691
9789502417707
9789502417738
9789502417745
9789502417783
9789502417790
9789502417844
9789502417851
9789502417868
9789502417875
9789502417882
9789502417899
9789502417912
9789502417943
9789502417950
9789502417981
9789502418018
9789502418025
9789502418049
9789502815008
9789502815039
9789502815183
9789502815190
9789502815435
9789502816340
9789502817231
9789502817446
9789502817781
9789502817972
9789502818023
9789504928706
9789504929796
9789504930594
9789504932611
9789504935889
9789504937883
9789504939320
9789504944041
9789504944393
9789504945673
9789504948254
9789504957485
9789504959038
9789504960096
9789504960782
9789504963882
9789504963899
9789504964148
9789504965008
9789504965015
9789504965152
9789504965411
9789504965923
9789504966197
9789504966593
9789504966630
9789504966654
9789504966708
9789504966715
9789504966722
9789504966739
9789504967262
9789504967279
9789504967323
9789504967811
9789504967828
9789504967835
9789504968085
9789504968092
9789504969129
9789504969136
9789504969709
9789504970538
9789504971658
9789504972549
9789504973065
9789504973508
9789504973775
9789504974055
9789504974314
9789504975052
9789504975250
9789504976103
9789504976677
9789504977643
9789504978763
9789504979210
9789504979227
9789504979975
9789504980629
9789504980889
9789504981305
9789504982234
9789504982951
9789504983453
9789504983460
9789504984115
9789504984160
9789504984306
9789504985358
9789504985723
9789504987079
9789504988496
9789504989417
9789504989431
9789504989547
9789504990031
9789504990413
9789504990666
9789504990789
9789504990888
9789504990956
9789504991038
9789504991069
9789504991083
9789504991106
9789504991229
9789504991397
9789504991656
9789504992400
9789504992677
9789504993315
9789505472086
9789505472376
9789505473069
9789505612321
9789506201500
9789506201548
9789506201579
9789506202606
9789506203054
9789506203245
9789506209391
9789506443412
9789506445720
9789506445997
9789506446208
9789506446277
9789506446314
9789506446345
9789506446789
9789506446888
9789506447298
9789506447373
9789506447601
9789506447618
9789506447854
9789507312588
9789507313967
9789507316081
9789507318122
9789507319198
9789507320637
9789507320644
9789507320835
9789507320897
9789507320903
9789507320934
9789507321122
9789507321139
9789507321306
9789507321566
9789507321818
9789507321887
9789507321894
9789507322716
9789507322747
9789507323034
9789507323041
9789507323584
9789507323720
9789507323737
9789507325816
9789507326066
9789507326301
9789507326523
9789507326646
9789507884108
9789507884542
9789507884566
9789507884573
9789508523846
9789508523891
9789508523907
9789508851185
9789509080829
9789568155483
9789568155490
9789568155506
9789568155513
9789568155520
9789568155537
9789568155681
9789568155698
9789568155704
9789568155711
9789604439454
9789604439553
9789604439652
9789604784158
9789604784172
9789604784196
9789604788187
9789604788842
9789604788859
9789604788866
9789604788903
9789604788927
9789605090111
9789605090128
9789605737122
9789685270168
9789697592104
9789810175900
9789810730864
9789814370769
9789814370912
9789814370929
9789814437042
9789814437059
9789814437301
9789814437318
9789814437325
9789814437387
9789814437394
9789814437400
9789814437417
9789814437585
9789814437592
9789814437615
9789814629393
9789814629409
9789814629416
9789814629423
9789814629430
9789814629447
9789814769242
9789814813259
9789814813266
9789814813273
9789814822008
9789814822022
9789870416111
9789870426264
9789870427186
9789870432517
9789871061563
9789871195107
9789871296224
9789871296859
9789871296996
9789871343133
9789871343379
9789871343393
9789871343409
9789871343584
9789871343799
9789871343829
9789871374212
9789871374991
9789871409822
9789871524341
9789871524785
9789871713141
9789871713264
9789871713349
9789871713516
9789871713530
9789871713578
9789871713592
9789871713783
9789871713844
9789871713905
9789871713912
9789871713943
9789871783229
9789871783694
9789871786831
9789871849031
9789871849048
9789871849154
9789871849277
9789871849284
9789871849352
9789871849369
9789871849468
9789871849536
9789871849550
9789871886197
9789871941896
9789871941926
9789871941933
9789871941940
9789871997404
9789871997558
9789872875473
9789873200236
9789873202599
9789873202605
9789873203107
9789873203145
9789873203480
9789873612671
9789873612695
9789873688348
9789873688478
9789873688560
9789873804892
9789873818837
9789873820717
9789873820793
9789873854033
9789873854057
9789873854347
9789873854361
9789873854378
9789873854385
9789873854422
9789873854453
9789873854460
9789873854514
9789873854729
9789873854750
9789873854774
9789873854873
9789873854910
9789873854958
9789873881848
9789873951183
9789873952166
9789873952791
9789873952876
9789873955037
9789873987564
9789873987700
9789873993626
9789873993633
9789873993640
9789873993657
9789873993817
9789873994012
9789873994159
9789873994180
9789873994210
9789874108029
9789874108036
9789874108043
9789874108142
9789874240750
9789874479662
9789874479754
9789874779403
9789874779465
9789874779489
9789874779496
9789874796516
9789874796523
9789874796547
9789874796561
9789874830708
9789874830715
9789874830722
9789874830760
9789874830777
9789874830784
9789874832269
9789874832290
9789874856371
9789874880406
9789874880420
9789874880444
9789874880451
9789874880468
9789874880475
9789874892560
9789874924278
9789874979421
9789874979438
9789875668119
9789875795181
9789875795198
9789875796461
9789875796478
9789875798199
9789875799509
9789875801837
9789875802834
9789875804883
9789875805521
9789875807143
9789875808386
9789875808621
9789875808683
9789875808690
9789875808850
9789875808867
9789875808874
9789875808881
9789875809055
9789875809154
9789875809888
9789876096683
9789876280198
9789876340076
9789876349711
9789876670661
9789876671026
9789876671644
9789876672672
9789876672924
9789876673310
9789876673358
9789876673389
9789876673402
9789876673471
9789876673518
9789876673525
9789876673792
9789876673884
9789876673891
9789876674379
9789876674386
9789876674478
9789876674485
9789876700245
9789876700856
9789876700931
9789876703192
9789876703789
9789876704847
9789876705585
9789876706087
9789876706100
9789876706148
9789876706254
9789877056266
9789877181593
9789877184051
9789877185249
9789877185423
9789877185614
9789877186178
9789877186185
9789877186192
9789877186499
9789877186666
9789877186710
9789877186727
9789877186970
9789877187021
9789877187038
9789877187052
9789877187083
9789877187106
9789877187144
9789877187151
9789877187182
9789877187199
9789877187205
9789877187229
9789877187236
9789877187328
9789877187335
9789877187366
9789877187373
9789877188035
9789877188172
9789877188448
9789877188455
9789877188530
9789877188769
9789877188790
9789877188806
9789877188820
9789877188882
9789877188905
9789877250268
9789877254778
9789877254792
9789877254860
9789877254990
9789877255027
9789877255751
9789877255775
9789877256581
9789877256857
9789877256871
9789877256901
9789877256925
9789877257335
9789877257342
9789877257489
9789877257519
9789877257618
9789877257670
9789877353341
9789877353389
9789877353686
9789877353716
9789877353723
9789877353747
9789877364620
9789877364682
9789877364934
9789877365009
9789877365269
9789877365290
9789877365306
9789877365320
9789877370973
9789877371093
9789877371147
9789877371178
9789877371338
9789877371437
9789877371499
9789877380026
9789877380033
9789877382273
9789877383430
9789877383614
9789877383645
9789877383652
9789877383683
9789877383898
9789877384123
9789877384482
9789877384512
9789877385298
9789877385410
9789877385526
9789877385724
9789877385816
9789877386004
9789877386745
9789877386851
9789877387377
9789877387384
9789877387704
9789877387926
9789877387964
9789877388114
9789877388183
9789877388329
9789877388558
9789877389388
9789877392272
9789877392579
9789877392593
9789877392616
9789877474190
9789877479690
9789877479898
9789877510447
9789877514001
9789877515343
9789877515466
9789877515473
9789877515480
9789877518511
9789877519242
9789877690927
9789877691481
9789877694123
9789877694130
9789877694208
9789877800708
9789877804836
9789877804843
9789877805123
9789877805413
9789877910025
9789877910049
9789877910179
9789877910506
9789877910780
9789877910896
9789877910902
9789877950601
9789877950670
9789877950687
9789877950724
9789877950755
9789877950793
9789877950878
9789877950939
9789877950946
9789877950960
9789877951004
9789877951011
9789877970487
9789877971231
9789877972665
9789877972962
9789877972979
9789877972986
9789877973785
9789877974010
9789877974560
9789877974577
9789877975635
9789877976236
9789877976359
9789877976410
9789877977400
9789877977448
9789877977479
9789877977486
9789877977493
9789877977837
9789877977851
9789877977936
9789877978094
9789877978285
9789877978322
9789877978483
9789877978551
9789877978568
9789877978674
9789877978698
9789877978728
9789877978773
9789877978827
9789877978834
9789877978865
9789877978964
9789877979077
9789878000039
9789878000060
9789878000725
9789878000923
9789878001012
9789878001142
9789878001289
9789878001517
9789878001951
9789878001975
9789878002125
9789878002262
9789878002286
9789878002422
9789878002460
9789878120379
9789878120737
9789878121284
9789878200316
9789878200385
9789878200392
9789878200491
9789878200804
9789878200828
9789878200835
9789878201030
9789878201146
9789878201238
9789878201450
9789878201511
9789878201580
9789878202532
9789878202549
9789878203591
9789878203614
9789878203621
9789878203713
9789878203928
9789878203935
9789878203942
9789878204000
9789878204116
9789878204161
9789878204185
9789878204192
9789878204222
9789878204253
9789878204260
9789878204376
9789878204468
9789878204666
9789878204680
9789878204840
9789878204864
9789878204888
9789878204895
9789878204901
9789878204963
9789878204994
9789878205540
9789878205564
9789878206202
9789878206219
9789878206226
9789878206417
9789878206424
9789878206738
9789878206806
9789878206813
9789878206950
9789878207216
9789878207810
9789878208237
9789878208404
9789878208855
9789878208862
9789878208961
9789878208978
9789878208985
9789878208992
9789878209029
9789878209395
9789878209890
9789878220383
9789878220475
9789878221427
9789878221946
9789878221953
9789878222233
9789878222240
9789878222288
9789878222301
9789878222318
9789878222325
9789878222332
9789878222349
9789878222356
9789878222370
9789878222387
9789878222424
9789878222523
9789878222547
9789878222561
9789878222592
9789878222660
9789878222769
9789878222776
9789878266084
9789878266404
9789878317014
9789878317021
9789878317519
9789878317687
9789878317694
9789878318066
9789878318509
9789878318615
9789878318851
9789878319032
9789878371054
9789878371092
9789878371153
9789878371238
9789878371290
9789878371313
9789878371429
9789878371450
9789878371467
9789878435183
9789878435565
9789878435671
9789878435787
9789878435855
9789878453101
9789878453132
9789878453187
9789878453316
9789878453354
9789878453415
9789878453422
9789878453439
9789878453446
9789878453620
9789878453644
9789878453699
9789878454108
9789878930008
9789878940052
9789878940489
9789878979373
9789878979762
9789878987217
9789878987255
9789878987293
9789878987859
9789878988122
9789878988825
9789888240494
9789915651019
9789915651026
9789915651033
9789915651798
9789915651804
9789915662374
9789915662381
9789915662718
9789915662732
9789915662886
9789915670171
9789915670188
9789915670201
9789915670270
9789915670744
9789915670775
9789915670799
9789915677026
9789915677033
9789915677057
9789915677064
9789915677088
9789915677095
9789915677958
9789915677965
9789915677972
9789915677989
9789915680002
9789915680019
9789915680200
9789915680217
9789915680224
9789915680231
9789915680330
9789915680576
9789915680583
9789915680613
9789915680637
9789915680859
9789915680866
9789915680934
9789915680958
9789915680965
9789915680972
9789915680989
9789915686127
9789915686134
9789915686141
9789915686158
9789915686394
9789915686455
9789915686509
9789915691008
9789915691114
9789962726661
9789974690844
9789974697850
9789974738553
9789974738560
9789974744677
9789974744776
9789974744783
9789974801103
9789974801141
9789974885332
9789974894471
9789974894488
9789974904040
9789974904064
9789974904545
9789974904552
9789974904576
9789974904606
9789974904682
9789992226643
9789992510353
9789992512746
9789992516652
9789992520932
9789992536544
9789992538395
9789992538418
9789992539163
9789992539187
9789992539217
9789992539453
9789992539507
9789992574232
9789992574249
9789992574259
9789992574263
9789992574270
9789992574287
9789992574294
9789992574300
9789992578445
9789992585801
9789992587454
9789992587850
9789992597095
9789995302788
9789995308551
9789995309121
9789995309961
9789995319137
9789995319908
9789995320881
9789995326821
9789995334314
9789995387082
9789995392611
9789995392635
9789996706141
9789996710971
9789996715488
9789996715544
9789996748509
9789996752759
9789996759116
9789996781308
9789996787034
9789996791802
9789996793110
9789998900134
9789998900158
9789998900943
9789998900950
9789998910379
9789998911307
9789998911857
9789998912243
9789998913103
9789998913431
9789998913646
9789998914322
9789998914513
9789998914520
9789998915596
9789998968073
9789998968585
9789998994065
9798217027750
9798217031283
9798217038763
9798217045679
9798217045785
9798217045839
9798217046249
9798217046348
9798217059201
9798217059294
9798217086276
9798217091249
9798217091508
9798217094882
9798217178902
9798225002725
9798225002732
9798225022426
9798225022457
9798225022464
9798225022471
9798225022501
9798225022730
9798225025984
9798289091819
9798330705290
9798330707812
9798332900426
9798707403835
9798716754942
9798746326225
9798746334411
9798868972201
9798868973178
9798868976247
9798869279910
9798880011711
9798887241913
9798887242934
9798987695425
9871138040
9871138121
9871138512
9871138636
9871138695
9871138717
9871138822
9871175434
9875661139
9875661287
9875661929
9875662321
9900001293016
9900001347986