9789500214902
9780194266642
9780194906715
9789814918237
9781546994541
9789814629041
9789814629102
9780194578103
9780194798488
9780194906296
9780194578189
9789814769020
9789814918251
9789814918268
9789814918220
9789814918244
9789877188547
9798225022488
9789814781367
9789814629058
9789814629119
9780194578172
9781338745726
9780194552899
9789814918213
9786180512908
9786180561876
9789814629027
9789814629089
9789814629034
9789814629096
9780194796323
9786180565195
9780194643382
9780194774734
9780140177398
9786180513585
9786180548556
9780194033626
9780194123648
9786180513028
9780547577098
9780194033589
9780679824251
