9788483469071
9788491050049
9788491055884
9789501138320
9789502417981
9789502818030
9789504948254
9789506444426
9789507325960
9789873612671
9789871093120
9789878209890
9786180566222
9789871093335
9789871093472
9789871783076
9789874568663
9789874924124
9789877805345
9786316620415
9789875710573
9789875711426
9789875712461
9789876092203
9789877353402
9789877387704
9789877389166
9789877389975
9789877474190
9789877479324
9789877518337
9789878001487
9789878001944
9789878120225
9789878200156
9789878200187
9789878202099
9789878202457
9789878221540
9789877389388
9789878222653
9789878222684
9789878454702
9788467070859
9789878945095
9789878977447
9789878987859
9789915651019
9789915677538
3760195712481
