9789877975635
9789878200385
9789877690927
9789878202532
9789998900158
9780789348418
9789878208237
9780062974396
9789877386004
9789877385724
9780545797610
9780194247696
9780194249799
9780198418214
9780439350846
9780439903745
9780516293752
9780545078825
9780545102704
9780545352239
9780545425599
9780545785044
9780545795401
9780545825030
9780545868150
9780545890137
9780545919777
9780590275583
9789878930008
9781338047257
9781338053807
9781338054675
9781338117509
9781338118155
9781338118452
9781338130201
9781338141580
