9789877976236
9789877976359
9789877978674
9789998912243
9789992578445
9789995301934
9789998911550
9789998913431
9789502809380
9780593189214
9780823446926
9788427217263
9789878121383
9781338784015
9789915670256
9788433998972
9788410346536
9788419581891
9789998915596
9781338745177
9789875798847
9789974904415
9780679805274
9789877365078
9788420485997
9789501298734
9788426735942
9789875710252
9789877977714
9788482988467
9781338827309
9788413441382
9789877973785
9783791393001
9780446569903
9783791377223
9780143124177
9789506203054
9789915677668
9789504983460
92943152335
9789915670751
9789915680309
9781400031702
9783791377049
9788413142739
9789878000305
9781797235363
9789878204123
9789915670744
