9781250189967
9781250223180
9788448863005
9781338828542
9789915680521
9781665921763
9780593638446
9786313010516
9789878002156
9786313012220
9786316587411
9788408257578
9788413147031
9788417347000
9780545245036
9788419275103
9788419366597
9788419650566
9788419654939
9780593582398
9788427235885
9788445013960
9788448852603
9788448853044
9788448854065
9788448855437
9788466358750
9788466359450
9788466658904
9788494851964
9789506446895
9789507326295
9789507326455
9789507326653
9789508702463
9789697592104
9780679775430
9788466378062
9789871093625
9789871093717
9789871711994
9789871997534
9789871997558
9789871997794
9789874924452
9789874924599
9789875710269
9789875711846
9786180570717
9789877805031
