9788494795138
9789568155513
9789568155520
9789877478990
9786313003235
9789871296996
9789878001999
9789871713578
9789871849536
9789873854750
9789877185676
9789878206424
9789877187151
9789877187366
9789877477504
9789877364989
9786313000708
9781426324901
9789877977400
9789877977844
9789504978763
9780718032845
9789878204840
9786313002313
9789878206226
9789877978070
9781426324949
9789877479690
9789871296323
9780593468500
9780062355300
9789877977745
9789974697058
9789974697065
9780194054041
9786313002368
9780194364355
9780194432221
9780194442862
9780194748582
9780194748780
9789504991595
9780194794206
9780194812252
9780194812313
9780399547645
9780439915311
9780545828659
9780590259453
9780590441858
