9780194518420
9780194643924
9780194739818
9780194770538
9780194771818
9780194808668
9780385348737
9780385549370
9780385549868
9780399174193
9780525432227
9781580899833
9780525555940
9780545586177
9780593654712
9780593717684
9780593722657
9780593732250
9789504982982
9781250209788
9781338284263
9781338629200
9781338630992
7798083709271
9781338803938
9781338835786
9781338847178
9781546152262
9781524712327
9781524712433
9781546171881
9781546171898
9786313012374
9789877256017
9788408246251
9788408249429
9788408254355
9788408257134
9788408260677
9788408278665
9788408270782
9788413142845
9788413147048
9788418850301
9781234567897
9788427220218
9788448855444
9788448857547
9788466329811
9781607749813
