9780063374683
9780143133100
9788408272205
9781878788306
9780439168243
9780525522133
9789502406381
9781546138402
9780593550441
9780062662644
9789878208824
9781631139666
9786313011254
9780593622469
9780063384651
9780063306509
9780063424784
9780063343221
9780062930651
9780063116276
9780063116313
9780064440202
9780063419803
9780063377738
9780062414168
9789915662923
9780063374249
9780062836533
9780062430700
9780062430649
9780062430731
9780062430762
9781400247073
9780063204164
9781328714329
9780063056763
9780063434790
9780194579391
9780063378308
9780063394063
9781602555105
9798217045846
9798217091249
9780553577129
9780142420591
9783791372273
9783791339771
9783791337906
9783791370651
9789874830715
