9780525635567
9780531237007
9780544570986
9781338767568
9780593543610
9780593566916
9780593621776
9780593889091
9780761151135
9780762447695
9780765350374
9781157775942
9781250166548
9781320531719
9781338530681
9781338692266
9781338874112
9781382006606
9781382006651
9781426218989
9781442370807
9781465290397
9781483450629
9781524761431
9781524763138
9781539689713
9781569757284
9781631498671
9780194808385
9788427222687
9789877977837
9788426432315
9788425363931
9789878206714
9789878208985
9789878208992
9789878209395
9789915651101
9789915670782
9789915670805
9781452168661
9781338849134
9781426333514
9782764347157
9782764347737
9786070128424
9786070129957
9786313010929
9786313071401
9786316620057
