9781455561186
9781455588824
9781506219837
9781506266077
9781510719040
9781524757908
9781536618211
9781545486832
9780578295268
9781559363099
9781573225519
9781588166104
9789504967262
9781590516652
9781602826717
9781612509228
9781619693388
9781625231352
9780718021528
9781682532379
9781728276113
9781849538121
9781984879295
9780198418177
9788427221253
9789878120102
9788427223523
9789877804263
9788448862626
9788426738233
9788493755751
9780881138689
9786313011421
9789878200996
9789878201108
9789878201146
9789878205090
9788466659734
9789878208855
9789878940793
9781524898458
9789877365337
9783836555821
9789915691114
9900001347986
9788418637018
7840090003849
9780241312407
9780439086974
9780439087292
