9789500298810
9789500440202
9789501297942
9789501516227
9789502416885
9789504937883
9789504947554
9789504953371
9789504966111
9789504967279
9789504970293
9789504974192
9789504975052
9789506201548
9789506203245
9789507316081
9789508523198
9789569961113
9789873202605
9789874924858
9789875807143
9789875809154
9789876703192
9789876704847
9789876705585
9789876706148
9789877352542
9789877380033
9789878001142
9786316553324
9789992510353
9789996708022
9789877256093
9871138512
9788466354523
9788466355162
811803031715
9788418850998
9781546119968
9788448863869
9788419743862
2180400203572
6933256637741
9789500772754
8607020240250
42409517819
9789877805352
9780143122968
9780307744661
9780316527156
