9780194802789
9780545068239
9780545225298
9780545932233
9780590420426
9780590456937
9780590487719
9780593122983
9780063371781
9780593441077
9781338099195
9781338159356
9781338239904
9781338239966
9781338295207
9781338297003
9781338300710
9781338545890
9781338547573
9781338549256
9781338553826
9781338566697
9781338580846
9781338589207
9781338643893
9781338648058
9781338665109
9781338666045
9781338687170
9781338692686
9781338726763
9781338739961
9781338740271
9781338745436
9781338745658
9781338745795
