9789870427186
9789873203107
9789873987700
9789875800458
9789875801295
9789876703789
9789877380439
9789992538395
9789995306335
9789995387082
9789996748509
9789996772320
9789876345927
9789974690844
9871138717
9789915651033
9789502817392
7840090002026
9506201773
9780143107712
9780399164033
2160400201433
9780593081617
9781794745728
9788408046233
9788408187080
9788408231653
9788416517237
9788416517305
9788416517350
9788418056789
9788418173134
9788425355196
9788426404657
9788426407528
9788445000670
9788449320019
9788449329128
9788449329821
9788449337819
9788466359795
9788466668071
9788479539610
9788483467497
9788484320012
9788490329399
9788490625958
9788491050230
9788491050865
9788491054047
