9781338749021
9781338758634
9781338764758
9781338775396
9781338794595
9781338794656
9781338797886
9781338800005
9781338800326
9781338802245
9781338815191
9781338817164
9781338825510
9781338825893
9781338827200
9781338829426
9781338844771
9781338850086
9781338851946
9781338859164
9781338890600
9781338894363
9780140280197
9781338801910
9780593201893
9788419466105
9781580896627
9781625810311
9781779518392
9781779519832
9781953424341
9788408206552
9788408206569
9788408206576
9788417605148
9788417736170
9788418014130
9788418850448
9788419859242
9788426736659
9788426739025
9788448832834
9788448834807
9788448834821
9788491050797
9788494851940
9786310057132
9789500772716
9789502417578
9789504989417
