9789877478433
9789871849550
9780385551281
9789877392432
9786313002894
9789876346573
9789877183740
86002052605
9789877185591
9780593468630
9780593468494
9786313000388
9789877910049
9789877910896
9789877977622
9789877979077
9789878201498
9789878121239
9789878201375
9789915651194
9780063415911
9780593735138
9789878206219
9780718086909
9789500216296
9789878988412
9789915677781
9789878203157
9781250080400
9789996752827
7798083708786
9786313001132
9789915691190
9786313001521
9789974744127
9789992574259
9789992574287
9780063305397
9780060256654
9789877479898
9786313003365
9780194401067
9780194442299
9780194442411
9780194643238
9780194732925
9780194763004
9780194791984
9780545365727
9780785294771
