9789500766623
9789500770231
9789500770972
9789501294569
9789502417622
9788408260226
9789502807508
9789504957485
9789504964148
9789504968986
9789504979975
9789504981008
9789504989431
9789504990666
9780194414814
9789507884252
9789871524303
9789871524372
9789871524778
9789871524785
9789873881589
9786313001040
9789875710535
9789876701488
9789876702096
9789877188530
9789877188905
9789878204901
9789877257618
9789877475081
9783791393810
9789877950656
9789878220383
9789878220475
9789992514634
9789502415048
9780194006040
9780194463454
9780194518475
9780194645126
9780194646765
9780194762908
9780307386410
9780385348744
9781339053028
9780593336861
9789500216470
9780593497678
9780593750636
9780593833575
