9789502414256
9789502414515
9789502415116
9789502415123
9789878120355
9789878200293
9786313003846
9780375846847
9780593136362
9781338575729
9781338804393
9781338815399
9789877693836
9781543329698
9781641012249
9786070134180
9786077458586
9789873612527
9780718091866
9789992574270
9789996715624
9789998914513
9781302948542
9781339016580
9789878120287
9788420665665
9780143106289
9789915651170
9781546141686
9780063092983
9788415580829
9788490438466
9786313001255
9780008537777
9781546136095
9789504967835
9780063335592
9780062909114
9780062940513
9780062432407
9780062989628
9780062989642
9780062432612
9781400336111
9780063208247
9781400351831
9780062974419
9992579072
9789877976472
9781426377211
