9789501209846
9789501298864
9789501532951
9789501533002
9789501533057
9789501533101
9789502812250
9783836523370
9789877371086
9789504985358
9789504987079
9789504989547
9789504989714
9780448451091
9788466373005
9789506446888
9789506447571
9789507313967
9789873818912
9789875805521
9789876671644
9789877185966
9789877186130
9789877187106
9789877188035
9789877254280
9789877353556
9789877371376
9789877385878
9789877386844
9789878206806
9789877392401
9789877693355
9781523506330
9789877804508
9789877950663
9789877950724
9789877950939
9789878000039
9789878001012
9789507321894
9789878453088
9789878453101
9788490705841
9789878453361
9789992516652
9789504993018
9789995309787
9789995320881
9789996706141
