9788408234395
9780241326886
9780241413074
9780241619896
9780241668382
9781505713893
9786313010585
9789505472376
9786316620064
9788401026294
9788401031427
9788402423924
9788403014572
9788403502734
9788403524200
9788408061953
9788408069782
9788408216605
9788408216797
9788408222170
9788408223108
9789502417950
9788408248217
9788408250890
9788408250920
9788408251521
9780194118415
9780194118422
9788408277224
9788408278702
9788411000604
9788413142692
9788413146461
9780194118439
9788413440675
9788413440835
9788413440880
9788413441023
9788415729747
9788416237005
9788416883288
9788417338350
9788417636777
9788418040436
9788418051098
9788418483073
9788418619359
9788418850578
9788419248671
9788419399496
