9781546138600
9780439871990
9780545083690
9780439773829
9780439551090
9781546133995
9789506446567
9789500763516
9789877256840
9789915686103
9798217086276
9789878220529
9781339011974
9781339018133
9788408263678
9788499085067
9780194201612
9789504991397
9789915686769
9780545750332
9780194202404
9789878002040
9788448864910
9789504990697
9781589254459
9789877188806
9788416579167
9788419498007
9781338847185
9789877387216
9781338878936
9781338878950
9781338878974
9780593566794
9780194005692
9780194016292
9780194113984
9780194433433
9780194433679
9780194643948
9780194645577
9780194646277
9780385549936
9780525707332
9780593716236
9780593850671
9781339043227
9780718096717
9788466657662
9789504988281
