9781338745986
9781338874129
9781523005895
9781546127055
9781639105731
9781680105995
9781680106022
9780545912402
9780194808040
9786180570700
9789505472437
9788427216426
9788427237322
9788448858773
9788448860363
9789502815428
9789502417943
9781338262513
9789878204888
9789878205809
9789878205892
9781338805123
9789915651095
9781546151609
9788494785146
9781338847321
9781338847314
9789878204017
9780545274128
9780823446865
9789974904422
9786313001149
9781338830835
9781426324963
9781426325991
9786316592651
9786316609007
9789878203140
9788417671679
9788418038730
9788419421838
9788484418900
9780316382007
9789877479010
9789501124712
9789502408040
9789502408057
9789502408064
9789502413730
9789502416502
