9783791337135
9783791343310
9783791372037
9780593689585
9780525428886
9780593855720
9780143111726
9780593428238
9780593813546
9780593512845
9781984836045
9780375802928
9780593300282
9798217027750
9780593349922
9780545029889
9781984830241
9788498382549
9781546138471
9780593900390
9780593429778
9780593706305
9780593429730
9781546134145
9780593707791
9781680106428
9780593852255
9780593724477
9780307030719
9780593622360
9780593710388
9780451474346
9783791374499
9780593544006
9780593976845
9781368113946
9781635575569
9781984896391
9781501160844
9798868972201
9780316585057
9789878222318
9781464227288
9780062968791
9781484785058
9781015466319
9780593709979
9786313011490
9786316620101
9788408238140
