9789878200309
9780194247672
9780194384360
9780194414876
9780194579575
9780194713535
9780194727877
9780194738965
9780194817158
9780451534057
9780593710586
9780593750544
9780593854013
9789500215664
9781546179252
9781339037639
9780593622452
9781546110262
9789998968134
9788427222700
9789877188790
9789877365269
9789878208695
9789915651088
9798217045785
9789998910102
9781546138501
9781338895070
745853843229
9789500215770
9786313001071
9781631139291
9781631139321
9781631139352
9789877365238
9786313010721
9789871713356
9789877392524
9788408051732
9789873952883
9788412981506
9788412981513
9781984825773
9788419085306
9788427042407
9788467794618
9788493755713
9780593728161
9789500215701
9789877256574
