9788439734727
9788466343251
9788466351119
9788466353618
9788466373180
9788494180200
9788499086958
9789501207569
9789502817231
9789502818139
9781984862075
9789504984269
9789501208498
9789915670935
9789505472567
9789506445720
9789508523907
9789871941841
9789877353716
9789877384734
9789877392678
9789877694130
9789877694185
9789877694208
9789877805505
9789878002064
9789878203546
9789878435763
9789992514818
9789996715044
9780194005654
9780194006002
9780194006019
9780194278584
9780194278638
9780194278669
9780194644488
9780194645058
9780593134092
9780593540480
9780593542927
9780593729281
9780593733479
9780593801307
9780593816134
9780593816837
9780593818459
9781496743947
9789804373701
9781782276722
