9781338835403
9781338839821
9781338848021
9781338853742
9781416958192
9781423634119
9781426306266
9789507326660
9781447943600
9781467705912
9781557046796
9781562947309
9781616051372
9781625810571
9781743179567
9781779518538
9781779519931
9782764352564
9788408171324
9788408244370
9788416867691
9788417605704
9781338894875
9788427225992
9788448832810
9788448857806
9788448862077
9789500213592
9789500767774
9789500772570
9788490430323
9789502817989
9789504962281
9781338894882
9788466357425
9789507325472
9789508702333
9789871208821
9789871208852
9789871208968
9789871849468
9789873202919
9789873203145
9789874779403
9789874779465
9789874779496
9789874832269
9789877363722
9780062851062
9789873993657
