9781546138525
9788408251552
9788411960274
9786316620033
9789915691077
9780525567141
9780593831236
9798217178902
9789877950823
9780593187524
9780241616116
9780064400558
9780439545679
9781418598051
9780064434225
9781400332922
9780063454118
9781335424921
9780063258716
9780008201517
9780063354777
9780063439221
9781534450622
9780063443143
9789877364835
9781546148500
9781546171409
9780593426869
9780593814222
9780593834862
9780545029957
9781368090926
9789878208848
9789877979596
9786316620200
9780063422001
9789504993490
9788466360234
9789506447564
9789873203480
9786313011643
9780399175213
9781501180972
9789500764056
9786313001088
9786313010974
9788408144595
9788408275596
9789500767866
9789877364996
