9789877184464
9789877186710
9781339046969
9789877253818
9789877254778
9789877255027
9789877255843
9789877257526
9789877371437
9789877392272
9789877478235
9789877478587
9789877804683
9789878221953
9789878435565
9789500771863
9780593303856
9780593801970
9786316620149
9786316620170
9786319091427
9788408111603
9788408261575
9781368092203
9788419501646
9788430609987
9788466349529
9788466350273
9788466354370
9789877353600
9786313000074
9781546140092
9789877977479
9781338045840
9783791386287
9789506447298
9789504970354
9780194646321
9789504982807
9789504984078
9789504991083
9781546154327
9789504992226
9789506446314
9789506447403
9783791346588
9789871886142
9789873688515
9789873952920
9789873955037
