9789877257342
9789877257359
9789877257489
9781419749094
9789877353617
9789877371031
9789877371093
9789877371413
9789877478518
9789877691405
9789877950717
9781338890587
9789877950953
9783836532136
9789878221472
9789878266176
9789878266404
9789878453330
9789878453620
9789878453644
9789878454481
9789992536544
9789995300883
9789995303549
9789995309985
9780194410274
9780593447666
9781943083053
9786313011285
9789500216166
9788408080794
9788408254652
9788408254959
9788411070751
9788416859351
9788418850493
9788419498113
9788423432561
9788426426734
9789502417097
9788448029357
9788466331869
9788466349345
9788466356077
9788483460474
9789998994027
9789500214735
9789500215602
9789500216272
9789500216333
