9780593174715
9780593434611
9780593488096
9780593527047
9780593566718
9780593615706
9781982167288
9789878201368
9781338233605
9781338328660
9781338347258
9781338587197
9781338687071
9789504975571
9781543386042
9781338769951
9781338776218
9781338776355
9783836543897
9789504989844
9781338814156
9781338847109
9781339020822
9781339042534
9789877182033
9781524713157
9781546110668
9789877256208
9781607749783
9781631138485
9781631138492
9781664340749
9781665921312
9781683839408
9781984862761
9786313010943
9786313012213
9789877254396
9788427217270
9789500214117
9789915680460
9780143138228
9789877364675
9781338741315
9789877382273
9789877386851
9789878121185
9781591846444
9789877972511
9780060256678
