9781631139307
9781631139338
9781631139345
9789878208640
9789877978186
9788419357250
9788427047945
9788427048799
9786313000739
9788427050624
9788427051027
9788491221296
9788494851988
9789500213028
9789878200811
9789878201573
9780593244036
9789502406404
9789502408415
9789504928706
9789507320897
9789508702395
9789877805512
9789871849048
9789873612695
9789873854057
9789873854910
9780316556323
9789877184471
9789877185492
9789877186499
9789506447762
9789915680866
9789504991038
9789877910506
9789877973808
9789877977851
9781481497077
9786313000685
9789878371467
9788467075724
9788410496002
9781636572994
9789504966630
9781591848011
9789996759994
9789871849376
9789992574300
9780194392938
9780194455138
