7754111649285
9781338329865
9781338347210
9781338715996
9781416936473
9781481411318
9781524711849
9781557663214
9781590177174
32281201326
9781611800616
9781611809497
493260120081
493260120074
493260120067
98755221859153
9781878424716
726798275535
726798275559
9788412071849
9789506447670
9788493976972
9789500207935
9789500210508
9789500212359
9789500298681
9781250899712
9788408140610
9789871849369
9789873994180
9789875798199
9789877383898
9789877386745
9789877387964
9789974801141
9781339020617
9789878222240
9780194249133
9781338187793
9780142403877
9789877479300
9780307980793
9780316381307
9789871849277
9780375860959
9780439680516
9780439693820
9780439893619
9780448435213
9780516261676
