9781544514215
9788408260684
9788410298194
9788413142852
9788419654953
9788419743275
9788466658874
9789505612291
9781338848526
9789504990963
9789878121017
9789878121338
9789878121390
9789878121406
9789877979633
9789878202778
9781338890334
9789878317694
7891360490050
9780062409867
9780063319127
9780194131124
9780194248914
9780194504492
9780194569583
9780194645072
9780194463201
9780194756259
9780194792189
9780194792714
9780307947987
9780374500016
9780394871806
9780593994191
9781250217431
9781302960995
9781338806694
9781589256033
9789500763691
9789877181623
9789877979534
9789878204000
9789878209029
9789878209302
9789992539163
9789915670201
9789915680019
9789974904545
9788425432026
9781543382280
