9789878205854
9780593977644
9798217038763
9780593644560
9789915670614
9789878000114
9789877257519
9780593387443
9789877805208
9789877977493
9780194792172
9781338828153
9780316477543
9786313011728
9781400219490
9789507326622
9780525435006
9789502817781
9781338816143
9786316553034
9786316598974
9788403523135
9788408224846
9786316592385
9788408262343
9788413141312
9788413146027
9788418173066
9788425363344
9788425363559
9788426400123
9789506447342
9788430609307
9788466349277
9788466357326
9788466359405
9788483467480
9788490328873
9788490629178
9788490700266
9788490706879
9788491297246
9789500770316
9789500771061
9789501201192
9789502416106
9789502816777
9789504981091
9786313003853
9789502417745
