9788430609321
9788430609338
9788430616794
9788430626274
9788466243292
9788466342643
9788466355254
9788427047372
9788466358354
9788466368247
9789915651200
9789505612314
9788466373074
9781400336159
9788467070866
9788490669600
9788490706800
9781426374197
9788491050728
9788491052456
9788491296737
9788403519770
9788499897790
9788499924007
9789500771856
9789500216265
9789501533316
9789390354160
9789502415550
9789502817088
9789502817446
9789502817859
9789504978312
9789877257113
9789877256109
9789877977707
9789506447533
9789507312588
9789873818837
9789873987564
9789875666481
9789876344166
9789876349758
9789877182019
9789877185263
9789877187021
9781589254756
9789877251586
9789878206677
9789877256550
