9789507884108
9789507884566
9789871524495
9789871941926
9789871941940
9789873688560
9789874479563
9789874856333
9789874892515
9789874892560
9789875664692
9789875666702
9789876670159
9789876672160
9789876672740
9789876673501
9789876674874
9789876706087
9789877252385
9789877255980
9788426737632
9789877353631
9789500771375
9789504977629
9789877389753
9789877391862
9789877392203
9789915670812
9781419783531
9789877801767
9789878203133
9789877392517
9789878222530
9789878222547
9789878222844
9789878317519
9789878453439
9789878453583
9789878979373
9789878979762
9788426481795
9789992520932
9789992539217
9789995302658
9789995308940
9789996701009
9789996712135
9789996793110
9789996793165
9789878121307
