9780516262772
9780545538107
9780545685344
9780545685399
9780545685436
9780545851886
9780545856317
9780593223734
9781338121186
9781338189636
9781338269017
9781338271515
9781338330557
9781338339345
9781338504927
9781338800296
9781338800395
9781984831163
9783791370996
9788408225294
9788448854133
9788494171406
9788494646041
9788494646072
9788498453072
9788498454338
9789500208208
9789500209885
9789500212854
9789500299992
9789501124705
9789502413310
9789502414997
9789502416335
9789502417127
9788408237716
9789871409822
9789871713141
9789873820793
9789873994029
9789875799509
9789877385410
9789877387384
9789877388114
9789877515343
9789877971231
9789877972665
9789877974577
9781426219085
9789877977936
