9781338804416
9780593582435
9780593660348
9780385376716
9780593887936
9780194061407
9789500210362
9786316598905
9789508702678
9788408247500
9788466682312
9788498724516
9789508523846
9789877805321
9788432234064
9788449338991
9788466373173
9798225022464
9789502417660
9780194646338
9789877391480
9780194278928
9780194278942
9780194518451
9780194643917
9780194645102
9780194646727
9780194739528
9780194762922
9780194764575
9780451495129
9780593799031
9781523505746
9789507326301
9789874924797
9789877183146
9789877478136
9789878000169
9789878000664
9781546148005
9780194033688
9780194645638
9780194725460
9781546140085
9781338801880
9781589254442
9781589258730
9786180565058
9789604784172
9789915680637
