9780345804853
9780439064873
9780525541912
9780525560739
9780593138168
9788417922641
9780593303740
9780593421338
9780593527177
9780694007097
9780735231535
9780770436698
681147055032
9780812982046
9781250209764
9789500771399
9781250787989
9781250318626
9789878201191
9781338322965
9781400053117
9781401954758
9781442408937
9789501532906
9781501194801
9781524762421
9789877384123
9781585427109
9789877951042
493260120098
9781612680194
9781680106732
9788408225287
9789501119718
9789875796461
9789876279604
9789877388183
9780140150469
9789996791802
9798332900426
9789877518511
9780451533906
9789502817545
9788426728067
9789871849284
9780142408773
9780143106647
9780375860942
9780375867309
9780375870286
