9781546179399
9781546139188
9780143106524
9780593081501
9781426202919
9780593489413
7891360612650
9780062691194
9780593521656
9780553509977
9789505612284
9780593578636
9788416859382
9789502817835
9789878222356
9780593598009
9781250095299
9783836599900
9780593956731
9786313010578
9786313012107
9789877392531
9788408277583
9788413143200
9788425362965
9788426432599
9789877255751
9788430608690
9788466362641
9788466675079
9788467058949
9788483468463
9788490625194
9788499928845
9780063268456
9789501209884
9789501533286
9789502814322
9789502817347
9789502817804
9789504945673
9789504954767
9789504960096
9789504990932
9789506447335
9789871941889
9789504990789
9789875808850
9789875808867
9789875808898
