9789878317021
9788419260246
9789974801103
7798356618255
9780765365309
9781250027436
9781338233148
9781338322972
9780593550427
9789877514346
9789877254273
9789877187182
9789877187205
9789877392326
9788413148465
9788408282709
9781338269161
9781631138584
9781669915201
9781669918240
9788408102236
9788494795152
9788494795183
9788498452952
9789500215343
9789873993817
9789877511031
9786316675651
9780064400565
9789878120737
9786073186797
9780063236806
9786316620521
9788491052555
9789878200798
9780545663267
9781546176428
9781368090933
9783937855073
9780062060624
9789915662732
9789504991434
7798083708755
9780008201524
9788415580379
9788415580591
9788415580607
9788415580836
9789874830708
9781426375781
