9789871713943
9789877472851
9789877186185
9789878121413
9789878201511
9789878208404
9789878988313
9789878988825
9789915662794
9789877974058
9780062662606
9789877364415
9789500771894
9780063372139
9780194643849
9780194789158
9780545231411
9780545703307
9780593658925
9781338829570
9781338851410
9781338851434
9781339000923
9781546141853
9781546142539
9781546175476
9789500215831
9789500772662
9789500772679
9789810175900
9789873854361
9789873854378
9788412841206
9789998968639
9780345514400
9780194053952
9780593462553
9780593708712
9780385539258
9781338666274
9788439734826
9789502817590
9789877694017
9789502415420
9789502415765
9789504967828
9789507323584
7754111030984
7891360674634
9788408247982
