9781338210224
9781338237917
9781338239553
9781338540420
9781338654998
9781338670776
9781338799613
9781338814668
9781338832334
9789915677699
9781400238415
9789504985730
9788408216827
9788416972517
9788418620041
9788418620072
9788426421395
9788433920089
9788433920881
9788433973696
9788439737469
9788439739234
9788466334365
9788466340304
9788466348652
9788466669467
9788483658802
9788490324349
9788490623831
9788490624401
9788490625897
9788490626696
9788490668726
9788498389661
9788499080338
9788499086156
9788499891934
9788499928081
9789500210805
9789500211000
9789500212601
9789502415130
9789502417066
9789502812052
9789504963608
9789504963899
9789504965411
9789504965671
9789507322747
9789508851185
