9789506447113
9789506447557
9789871524662
9789502418025
9789875808881
9789876708104
9789876708821
9789877181869
9789877256857
9780380709182
9789877371420
9786313003884
9780063429147
9789877693546
9789877693799
9789877804652
9789877804676
9789878222288
9789878435671
9789877472912
9789878453422
9789878940649
9789878940878
9789995301033
9789995334512
9780143112945
9781338359749
9786316508560
9786316533227
9789504991427
9786316609014
9788410096486
9781644738092
9788412044621
9788413146300
9788432234057
9788439737599
9788466343633
9788466346597
9781546152521
9788491295075
9788493777043
9788494030130
9781339027692
9786313070046
9789502417899
9781338801903
7754111024808
9789504979227
9789504982210
