9789877250077
9789877250954
9789878000923
9789992536926
2160400201440
9788417821050
7798356618231
7891360740001
9789871374991
9780439136365
9788466359535
9780545042475
9780545828604
9780593299920
9780593527214
9780765365293
9781250757319
9781338312232
9789504968092
9781779514394
9781982143091
9788448851934
9789501119701
9789502414263
9789502414508
9789502417035
9789998914322
9789878120362
9786313003839
9780593138359
9781616207465
9789502417240
9789877385526
9789877974546
9788408275602
9789878120294
9789878120300
9781538742570
2180400204296
9781612620244
9789873952869
9786313072620
9789877477191
9789877910025
9788418045462
9789878202808
9781534404212
9781669915188
9781543386035
9789915686974
