9788466347617
9788466348263
9788466350587
9788466350785
9788466351027
9788466354356
9788466357166
9788466357319
9788466358439
9788466359290
9788466359634
9788466360739
9788466360760
9788466361019
9788466361118
9788466361200
9788466361316
9788467066005
9788484506485
9788484506942
9788490628683
9788490628980
9788490668542
9788491053200
9788491054061
9788491054528
9788491055020
9788491993797
9788493700911
9788494716935
9788497595964
9788497930840
9788497931625
9788498753226
9788499080017
9788499087252
9788427235779
9788499922997
9788499927879
9789875669116
9789992510254
9789500772563
9789501206517
9789501209303
9789501297737
9789501510003
9789501532098
9781797234342
9789501533040
9789502416090
