9781338329544
9789871093243
9788467025286
9786313011483
9788413144887
9780061992889
9780241507667
9780062305015
9783836567473
9780064409391
9789877979305
9789915677705
9789877974560
9789877979312
9789877805154
9788419822932
9783836522205
9789877976854
9789874880475
9781338233537
9781338767643
9789915680002
9789995306878
9788466360791
9783791379685
9781546151753
9789873820465
9780194792240
9788499985473
9783836567022
9780194049962
9780194050081
9783836557801
9789500214995
9780789348326
9789915680132
9789915662718
9788416029426
9783836561693
9783836594851
9781835623527
9789915680088
9780593898284
9789877371161
9789878120768
9781585424337
92633113707
9780241620168
9780718021450
9786313000722
