9789814437394
9789814437400
9789814437417
9780385751537
9789814437318
9789814437325
9786313070657
9786313070664
9786313070695
9780194110549
7754111557511
9789508523679
9789878221250
9781546148036
9781338331318
9780194052207
9780194052344
9780194233958
9780194569880
9780194579063
9780194824491
9789974904682
9786313070688
9786313070992
9789877365030
9780194822718
9786313070671
8901180431511
9781339043715
9781338330182
9789877254006
9780194729024
9789874979438
9780194537773
9780194726115
9780194726146
9786180572599
9789604439652
9786313070701
9781338233483
9781338894448
9780545903332
9780823449644
9780194646826
9789878220628
9789814437585
9789501533088
9780194726412
9789998913141
9786313070640
