9781339021577
9788466356015
2180400161445
9781338214581
9789878453316
9789915686455
9789915686691
9789500206129
9789974744899
9781426324864
9780062234896
9780062404435
9780064405782
9780142407547
9780152057800
9780194005043
9780194005074
9780194046756
9780194070034
9780194070065
9780194070072
9780194123532
9780194123570
9780194220033
9780194220637
9780194220811
9780194225533
9780194225557
9780194236577
9780194238700
9780194239721
9780194239769
9780194247146
9780194338332
9780194338349
9780194338462
9780194338479
9780194392921
9780194400756
9780194400855
9780194400886
9780194400961
9780194400985
9780194421676
9780194442428
9780194455169
9780194455213
9780194455268
9780194455336
9780194626194
