9789502814896
9789502815206
9789502815435
9788411070553
9789502816340
9789502816357
9789502817125
9789502817972
9789504926832
9789504955115
9789504966654
9789504976646
9789504977421
9789878001289
9789504982326
9789504986768
9789504986799
9789504989745
9789504990413
9781443460712
9789505077373
9789505078707
9789505472734
9789506446987
9789506447472
9789506447649
9789507318122
9781338359770
9789507883781
9789507884542
9789877804140
9789871524556
9789871524600
9789871886197
9789877976526
9789873688249
9789876671026
9789876672672
9789876673792
9789876700856
9789877188172
9789877188882
9789877256659
9789877353389
9789877353501
9789877370911
9789877386332
9789877693850
9789877950557
9789877950595
