9789874979476
9789915686080
9789500770545
9781400346523
9781400346592
9781338741032
9780593796177
9798217091591
9789504991052
9780316450058
9781338741070
9789508523839
9789875663053
9789992537855
9789874108050
9789506446994
9791387595135
9780194005494
9780194005593
9780194646697
9780194792653
9780593191712
9786313004263
9789877364033
9780194052146
9780194052269
9780194248839
9780194770514
9780194726603
9781408519004
9789877186628
9789915677040
9789915677118
9789915677149
9789915686646
9789974738577
9780194234306
6977885930019
9789915677491
9789877181548
9781101994825
9789874979483
9789915680514
9780593800003
9781338741063
9781338236590
9781338896435
9780593954171
9789877693737
9781338233575
