9780194421928
9780194538237
9780194556408
9780194770200
9780194817608
9789878220079
9780194824521
9780194808088
9789877182293
9780194046688
9780194802529
9789506447441
9780062974266
9789877364040
7891360796411
9789974904613
9789877805239
9781339032320
9781338323214
9788408263845
9780531252314
9780545903349
9789877353679
9780194646819
9789874979421
9789878435787
9780194407373
9780194518307
9780194725880
9780194725910
9780194726375
9789974904569
9780194824507
9789915670195
9789915677477
9789504984115
9789874108036
9789874108043
9789877184754
9789915670164
9789915686424
9789974738553
9781368090377
9780194780056
9786313000937
9789504988250
9780451526342
9780763679224
9789998913820
9780781810661
