9789877187236
9789877187328
9789877363326
9789877363432
9789877364262
9789877365009
9781426373640
9781250857439
9789877979282
9789506447854
9789500771962
9781631134234
9786313001101
9789878200804
9789877181142
9789878200835
9789878201122
9789878201207
9789878201474
9780811204811
9789878222769
9789878204260
9789878204871
9789878205779
9789878206417
9789878208961
9789878208978
9789500215886
9781401971366
9789915680989
9789915677972
2180400203138
9789915680378
9789915680798
9789915686431
9788467075687
9789974690363
9789974885998
9788408249269
9798887242934
9781426326028
9780062268143
9780194239110
9780194239158
9780194364195
9780194400947
9780194401036
9780194442329
9780194626224
9783836587921
