9780194646840
9789878203928
9786180510966
9780194033572
9780194518321
9781338745740
9781338795349
9781338745757
9781338795356
9781338795363
9780544336261
9786180561883
9780062415240
9786180561869
9780194033596
9780194779142
9786180510942
9786180561852
9780194578028
9781338796483
9789878203935
9780194463478
9789875665613
9789877353624
9781338796452
9786180516470
9786313004751
9780399257629
9781338784893
9780194816465
9786180565218
9781338796476
9786180521535
9780194052153
9780062641540
9786316620330
9781546118947
9781546118954
9780194033602
9781546118961
9789814813273
9789814813259
9789814813266
9780147510426
9789877978995
9780194463737
9786180513578
9798225025984
9789974904576
9781544529127
