9788408262848
9788408267966
9788426481917
9788490328361
9781455563920
9788498723076
9789501296570
9789915662701
9789501533149
9798869279910
9789504966715
9789504966739
9789504988724
9789504990956
9789504991106
9789506447373
9789508523938
9789871941896
9789877252774
9789877353686
9781338329711
9789877693782
9789877805277
9789877950908
9789878002262
9798868973178
9789915677088
9781442472433
9781021193117
9788439733430
9780194527699
9780194529136
9781546169628
9788410496279
9788420438757
9788420478920
9788426735676
9780440180296
9788439736080
9788466354639
9788466373197
9788466378987
9789877353747
9788491299790
9788499083568
9789502417882
9789502418018
9789502418049
9789504982715
9789504993315
