9789871713516
9780385333481
9780194053969
9780194053983
9780316669412
9780440416029
9780545703215
9780593379639
9780593486955
9780593643938
9780593809860
9781338327144
9781338329124
9781338574999
9781338746730
9781338792850
9781400079278
9781338810431
9781338848137
9781339020648
9781400223510
9781524764203
9781449486792
9781546136170
9781546136200
9781546142744
9781546147589
9781589254572
9789500215534
9788408236955
9788439738640
9788466347846
9788490321270
9788499429618
9789500211802
9789915686967
9789501298680
9780394839127
9789502417233
9789506446277
9789875809055
9789877253320
9789995334314
9788466355346
9788490628171
9788490705926
9789504961888
9789504966685
9789915686950
9789875808386
