9788408232070
9788408249306
9788408251217
9788408270515
9788408271925
9788412981575
9788416138500
9788417424305
9788417736835
9788419366436
9788419366900
9788419421333
9788420440866
9788420456683
9788420456720
9788420459622
9788426727947
9788426728210
9789500215015
9788426733177
9788426733498
9788426733740
9788432241697
9788426737793
9788427048348
9788427050136
9788427050730
9788427208483
9788427209459
9788427210134
9788427216204
9789877187199
9788427217843
9788427218048
9788427219397
9788427220850
9788427224926
9788427225923
9788448849955
9788448858438
9788448863975
9788482988221
9788482988245
9788482988283
9788490434628
9788494171413
9788494220524
9788495873361
9789877694123
9781400220366
