9781426338120
9780147514028
9781368092661
9789878207186
9780375802911
9780679844075
9780679851011
9780679826422
9780553211160
9780679838869
9781338299564
8438051042809
9789878940984
9780593624531
9780593650899
9788408252276
9781664340572
9789502408439
9781546129950
9781338299519
9781338575132
9780804190114
9781368102209
9780593644591
9780593716229
9781426371394
9781368102216
9788412981537
9780525558989
9780593481493
9780593983256
9780451474339
9781426373732
9780141439518
9780593796801
9780807014271
9798217059294
9780143106630
9780525708070
9789877250992
9786316620392
9780062073488
9781728296227
9789878222325
9780593598016
9780307587428
9789876124089
9788413147314
9788417992590
9788418056925
