9780194643214
9780194643801
9780194643894
9789877479454
9789915677750
9789877479461
9789877805246
9781338823042
9781338830910
9781338848045
9781339011967
9781339019918
9781339020853
9781368080507
9781368113113
9781426323164
9781426373749
9781546111801
9781546131595
9781546171829
9781426322518
9789995326821
9789500772617
9789500772624
9789500772655
9789502817200
9789871713455
9789873854033
9789873854347
9789878203942
9789878002026
9789878371054
9786313070015
9789507325977
9789915686882
9780439693912
9781338895100
9781339014982
9781339018157
9781546141556
9781338601176
9786313072682
9780593706275
9798887241913
9789915686943
9789878120058
9781338829457
9789502416724
9780062868350
9789992597569
