9786180570731
9780590262675
9780887437069
9789877477634
9789877976496
9781338210194
9789504983910
9789878200194
9789878202310
9789878940243
9789878940427
9789604784196
9789500215077
9789996709784
9780060959470
9780545802642
9780545935340
734439124975
7891360539353
9781546134008
9780143131618
9780143138594
9780194049603
9780194049634
9780194238991
9780194239394
9780194239738
9780194504638
9780194519298
9788417992842
9780194595841
9780194644433
9780194779166
9780194816823
9781426218156
9780316592703
9780439711210
9780440215622
9780590371254
9780593186008
9780593355442
9780593422434
9780762463541
9780593655030
9780593704950
9789877365320
9780765365286
9780765378583
9781250348838
9783754400364
