9780062992321
9781250063168
9789877186727
9789878120379
9781400349326
9781543386028
9781543386059
9781669915195
9786070136962
9789502415475
9789502416465
9789502416489
9788466678209
9789992574232
9789915651392
9789878121437
9789500253390
9789878002392
9780593717790
9789339772338
9786313002917
9780756404741
9789878201030
9780063389779
9789878208145
9780593521731
9786316620514
9781589254763
9789974885349
9789915677798
9788494504235
9780062073501
9789878200330
9789995302450
9789915670829
9789871713905
9780553211757
9781524790783
9781339038193
9781646430338
9780593580806
9789877392029
9780545584166
9789915677989
9780545433167
9781338865639
9789878988122
9786073157384
9781339043692
9780593645772
