9789878454771
9789878940267
9789915670768
9789992587454
9789995304812
9786316620484
9789877950694
9875661287
9780143111528
9780194029483
9780194278782
9780194372213
9780194397353
9780194518284
9780194538220
9780194578066
9789877977134
9780194644532
9780194645041
9780194645652
9780194645690
9780194645720
9780194646314
9780194646437
9780194646512
9780194646550
9780194720038
9780194722377
9780194739887
9780194748568
9780194762885
9780194764551
9780194768269
9780194769662
9781338596700
9780194808637
9780241302910
9780525552932
9780525552956
9780545176002
9780593238684
9780593465271
9781546130192
9780593550403
9780593639665
9780593719701
9789998914520
9780593854051
9780593874707
9781338682243
