9789504984306
9789915680408
9789506446505
9789873688263
9789874479754
9789874856371
9780194789004
9780593722633
9781400346578
9789877392340
9780194808408
9789877693416
9789995301026
9789877805314
9788494799150
9789878201009
9789878207315
9789878371429
9789992226643
9789992538074
9789996710612
9780143107231
9780143111535
9780194045605
9780194323482
9780194506007
9780194511926
9780194643931
9780194645676
9780194646444
9780194646864
9780194646918
9780194808651
9780525555988
9780593336847
9780593405888
9780593467879
9780593705759
9780593815212
9780593972434
9780593983539
9781338767483
9789506446901
9788412981544
9781496740984
9781631134241
9780060936228
9788419654991
9788408253143
9788408260707
