9789507322716
9789507323034
9789507323720
9789507323737
9789507325724
9789583023033
9789814769242
9789871296859
9789871713349
9789871713561
9789871783694
9789871849352
9789873200236
9789873398209
9789873854422
9789873854514
9789873993640
9788403522305
9789874240750
9789874796547
9789874796561
9789874880420
9789876346757
9789877363579
9789877364941
9789877803341
9783836581912
9789877976885
9789877978322
9789877978346
9789877978483
9789877978568
9789877978773
9789877978827
9789877978834
9789878940755
9789878002125
9789878203591
9789878204161
9789878204192
9789878204222
9789878205052
9788426728784
9789878206202
9789878208480
9789915651866
9789915662374
9789915670270
9789915670300
9789915670607
