9789814437301
9780194384285
9780194520515
9780194561839
9786313000623
9780194637589
9780194645157
9780194738569
9780194738668
9780194738767
9780194771825
9780194463980
50743664489
9781637168097
9781546114413
9780786836512
9781338776225
9781339023120
9781338889437
9781546144601
9781589254787
9780194808064
9780194824538
9789814370769
9789814370912
9788467793260
9781546134138
9789877479133
9789915677415
9789915680217
9789998968585
9798707403835
9781543334791
9781543386141
9781631138591
9782764347317
9786070129612
9789915680606
9788419357700
9788427047495
9788427049376
9788427050112
9789500214261
9789500215008
9789500253383
9789502415482
9789502417684
9789504944041
9789501209792
9789871713585
