9788410257818
9789877804577
9781546138617
9780545561631
9780194016490
9780194248211
9780194464017
9780194579124
9780194646482
9780194704588
9780194727761
9780194770248
9780194770255
9780316056199
9780194786102
9789500772341
9780593874721
9780807017708
9798225002725
9789878209623
9788425365508
9789974904675
9789992539507
9781426324826
9786316620293
9789915680613
9781368098908
9789502415468
9789504991229
9789878201597
9789877186017
9789877979572
9789915662787
9789915662930
9781426374517
7798083705952
9789915680828
9789877973136
9780194046701
9780194228169
9781338896084
9781943200009
9789508701459
9781680106664
9789974904835
9781338752250
9781338777215
9781338825237
9788466350174
9789992538029
