9789996794285
9789998993501
9871138040
9875662321
9781338662078
9786316708007
9788403522633
9788408222101
9788408247142
9780316346627
9788408261582
9781609457457
9788412286052
9788416076475
9788418045820
9788420405803
9788423361557
9788426738479
9788427049512
9788427218697
9788449339462
9788466350914
9788466356046
9788466357609
9788466358743
9788466361231
9788467060201
9788410442634
9789871093151
9788490626597
9788491050667
9789998915688
9788491994015
9788497596848
9788499898636
9789500213035
9789500214971
9789500216593
9789500761703
9789500769013
9789500769976
9789500770880
9789878200286
9789501209211
9789501532210
9789502417912
9789502817569
9789504976103
9789504976677
9789504983583
