9781368051477
9786180516456
9789871713844
9786180565188
9798225022471
9789998912786
9789500212502
9780194552882
9786180516739
9786180565171
9780194626248
9780062662378
9788417002558
9786180516432
9780194553674
9789605090111
9780194802543
9780194803038
9780194803090
9788430601035
9780194337311
9780194052177
9780194052306
9780194824620
9789877364828
9780194033619
9789604788187
9781544512273
9780194730259
9780062675293
9789508523334
9789501209914
9789877478037
9789877473063
9798225022501
9789876128247
9789996798597
9780194518260
9786180513059
9786180513080
9780194052160
9786180565027
9780194802536
9789998910423
9789877365085
9789915651521
9780194551038
9786180561890
9780194551069
9789877471311
