9789871849482
9789508702548
9789877185140
9788419449030
9789876278812
9789915677934
9789915691213
9789974697072
9789974744776
9780194114196
9780194643207
9781984822185
9780194732918
9780194763103
9780194763400
9780194792264
9780439798341
9780692617700
9789915686158
9789877365023
9788494994708
9780062980588
9780194053990
9780194054010
9789915680224
9786313070053
9781664340824
9781546171713
9789878208831
9789502415772
9780062852847
9781338312249
7798083708656
9780887437052
9781338601183
9789877256932
9789877976410
9780593582428
9789915680422
9789877392661
9781728276120
9780194643221
9788401036446
9789504979098
9781339038087
9780778387909
9789915670645
9780593482049
9780593643792
9798225022426
