9786313001453
9789877365146
9781338161397
9789500771870
8901180431993
9789974904606
9780194626231
9788418285356
9789871524525
9789877474299
9780449813379
9789877473711
9789974904583
9780194646529
9786180561906
9781339042206
9788419743237
9789915677033
9780194722384
9780194802574
9789877979015
9789814437615
9789568155681
9789877256178
9789878203881
9780194463744
9780194729932
9786180513639
9780194774253
9780194824583
9789508523532
9789974679962
9781338878882
9789877365115
9789915651514
9788467075717
9789506447519
9786313070985
9780194233965
9780194643887
9780679729655
9789974904552
9780194730532
9780194730648
9780545800723
9789877254990
9789506447069
9780194646574
9789878940571
9789814437387
