9789502415987
9789502416380
9789502417288
9789502417790
9789504973089
9789871783229
9780553520576
9789568155490
9789568155506
9786313004652
9789871713523
9789878204826
9789873993633
9789874832290
9789874924698
9789875795198
9789507320644
9789876348133
9789500210133
9789877364637
9789877365184
9789877472455
9789877978896
9789878002460
9789878121222
9789878200828
9788408100041
9788408111535
9789878203621
9789878204666
9789878204789
9789878205069
9789878206554
9789504989622
9789878207377
9789915651804
9783836530347
9789915677941
9783836557153
9789915680804
9789915680859
9781912916870
9781400337057
9789998968073
9781250318541
9789878318981
9789974744783
9780194053877
9780194225588
9780194239196
