9780194646710
9780194722698
9789604788842
9780194579032
9780194579278
9780194644457
9780194824545
9789915670171
9789915677484
9789877979589
9789877979640
9789915677026
9789915677057
9789915677064
9789915680446
9789915686127
9789915686134
9789915686400
9780194626309
9780763680893
9781338896459
9789877972986
9780545026031
9789877950861
9789506446758
9780194808422
9789878221526
9789877364842
9780194278713
9780194278737
9780194397360
9781368090940
9789604788866
9780194574709
9780194726344
9781338835755
9781368097925
9789878203713
9786180570724
9789604788859
9789915680620
9788427047952
9789877183726
9789915670188
9789915686141
9789974904040
9780194070010
9780194791830
9781338741087
9789878203812
