9789504992646
9786313010097
9781835623374
9789878208152
9788401029813
9788403014329
9788403518445
9788408041368
9788408266686
9788408124047
9788408196525
9789501532616
9788408231202
9788408237341
9788408249498
9788408249504
9788408249511
9788408251712
9789878000121
9788408262404
9788408267195
9788410096226
9788410096943
9780789348494
9788411001908
9788413144351
9788413144665
9788413147734
9788413440569
9788413441269
9788415431572
9788416029396
9788416076819
9788417167066
9788418040696
9788418173035
9788418620348
9788418620461
9788418620980
9788418850110
9788418850288
9788418967269
9788418967825
9788419248602
9788419437822
9788420400303
9788420438030
9788423362288
9788423432158
9788423435678
