9780194722421
9789877183078
9780194433686
9780194732857
9780194796408
9780194643764
9781338835762
9789604439454
9789605737122
9789871941933
9789915691091
9781101932421
9788427050853
9788484456810
9789877186505
9789877515466
9789974904064
9780194005388
9780194432191
9780194644419
9780194732840
9780194749084
9789878940182
9786313003341
9789871713912
9780812981605
9781338603453
9780593736814
9798217187430
9786313001064
9789915680583
9789504935940
9789877364620
9789915680439
9780718086923
9788418798122
9789877182330
9780593660324
9780553263152
9788408277170
9789878203898
9788466370684
9789877183092
9789877693232
9788410096363
9780194529150
9788419822543
9789501206562
9789873952876
9789877392371
