9789878453415
9789878453484
9789995300838
9789995302788
9789995303556
9789995303907
9789995309701
9871138695
9780525521440
9781641012102
9786313010103
9786313010202
9789915677866
9780789348630
9788401025563
9788401029608
9788403522060
9788403536562
9788408006633
9788408046035
9788408073239
9788425362989
9788408237358
9788408252979
9787558197758
9788408257530
9789878002088
9788412288544
9788412477696
9789504990901
9788417305987
9788418055263
9788423341016
9788423353408
9788423353699
9788423361489
9788423429967
9788423431557
9788423432585
9788425358982
9788425362514
9789877188820
9788426727046
9788426732866
9788426735522
9788426738783
9788427044210
9780194643832
9789995304348
9788439737995
