9780194817653
9780241620175
9780241642993
9780385545990
9780385550444
9780451418500
9780451495150
9780553384925
9780593232866
9780593299531
9780593315651
9780593335666
9780593357378
9789915677729
9780593655733
9780593713082
9780593724750
9781302957179
9781324093060
9781338681482
9781338686531
9781338775402
9781338809978
9781338835779
9789508702661
9781524763596
9781534496194
9781339042657
9781668001226
9786313010448
9786313012381
9788403522558
9788408247890
9788408253426
9788413140162
9788413145778
9788416859320
9788417167981
9788417247850
9788418483196
9788418850455
9788419260161
9788426738738
9788426739803
9788445013977
9788448855055
9788448863654
9788466357050
9788466359399
9788483463659
