9789876349711
9789876674379
9789877181593
9789877185249
9780062972453
9789877254792
9789877392333
9780063378995
9789877805123
9789877805260
9789877950755
9789502416458
9781705113554
9789878002354
9789878266961
9786313004928
9791387563042
9871138822
9786313001866
9780194646758
9780194727884
9780194764568
9780194779029
9780593437803
9780593545171
9780593549551
9780593599426
9780593639658
9780593654729
9788490328224
9781338617474
9781338715477
9788466372848
9788408270461
9781368090360
9781634977999
9780593900734
9781705157817
9786180513646
9786316620040
9786316620125
9786316620408
9788408260691
9788417347932
9788418037733
9781338744842
9788419283184
9788466659628
9789915677767
9781400342761
