9788426727879
9788426731838
9788426732781
9788426735454
9788426735607
9788426736598
9788427049345
9788427050129
9788427051461
9788427209442
9788427213128
9788427217836
9788427219182
9788427219649
9788427221499
9788427225961
9788427234789
9788448850883
9788478833146
9788482988252
9788490431276
9788490434819
9788493976910
9788494795169
9788494799136
9789500713993
9789500724678
9789500740814
9781400078776
9789501109771
9789501109788
9789501121490
9789501123401
9789501123425
9789501126426
9789501127096
9789501129373
9789501132090
9789501132465
9789501132489
9789501132830
9789501132939
9789501132946
9789501132953
9789501137040
9789502409443
9789502415024
9789502417141
9789504929796
9789504959038
