9789507325830
9789871061563
9789871208807
9789874880406
9789877186055
9789878202112
9789877970494
9789877972979
9789878202549
9789888240494
9789974684041
9789915680330
9781400220137
9789876128810
9789877804515
9788419275561
9789871713592
9781338816167
9789877254860
9780142414330
9781684129065
9780525553908
9789915686707
9780545211185
9780545642804
9781338566772
9781338809589
9781338892420
9781339020587
9781339020679
9786073194716
9788408223177
9788408224723
9788417007218
9788418006081
9788426404411
9788433914262
9788433914729
9788449335617
9788466338844
9788466341660
9788466346849
9788466350112
9788466355414
9788466666497
9788483462928
9788490328279
9788490628720
9788499083605
9788499085517
