9780194247573
9780194432184
9780194722674
9780194732888
9780194748575
9780194748773
9780679731726
9780194792547
9780399580437
9780451532640
9780545651882
9780590449724
9780590456944
9780593176528
9780593308431
9780593425787
9780593519264
9789998965102
9781250802729
9781302932152
9781338503296
9781338608816
9781338647433
9781338745269
9781338745627
9781338756845
9781338766554
9781338775891
9781338792706
9781338803365
9781338812312
9781338817140
9781338845679
9781338865561
9781338888881
9789878207810
9781339035475
9789915651118
9781426371837
9781426373701
9781524715731
9781664340589
9789502817514
9788448845810
9789877365221
9789998994065
9789568155704
9789871374212
9789874779489
9789877364477
