9789500769150
9789500770781
9789878120218
9789501261608
9789501294828
9789501296563
9789501296617
9789502401683
9789502413297
9789502817361
9788466373098
9781419782930
9789877250268
9789506447366
9789506447410
9780593123416
9789502417707
9789506447601
9789507314346
9781647222697
9789870426264
9789873202599
9789873818905
9789875667716
9789875668119
9789875804883
9789876096683
9789876279727
9789877182828
9789877185614
9780593467732
9789877251562
9789877254563
9789877255775
9789877256895
9789877256901
9789877353570
9789877370737
9798330705290
9789877383645
9789877383683
9789915686714
9788426739223
9789877803556
9789877804720
9789877950465
9789877950625
9789877950892
9789878000435
9789878002163
