9780194061704
9780194060950
9780194061728
9789814629393
9780194060974
9789814822008
9780194061100
9789814822022
9780194061124
9780194906944
9780194906753
9780194906982
9780194907170
9780194061254
9780194907217
9780194796385
9789814629447
9780194061278
9780194906050
9780194906029
9789814629416
9788416620791
9780194796378
9780194796330
9786180573459
9786180573466
9780194729215
9786180573435
9780194266758
9786180573442
9789992587850
9788413442105
9780194796354
9786180511918
9786180566147
9786180511932
9786180511895
9780194906258
9786180566154
9780194796361
9788467075700
9789814629409
9789814629430
9780194796316
9780194397988
9780194906524
9780194034067
9780194906487
9780593189641
9789814629423
