9788426739568
9788427227972
9788430622313
9788432240676
9781664350656
9789507325465
9780194644389
9788466342810
9788466343183
9788466346511
9788466347174
9788466350600
9781984854032
9788466354677
9788466356008
9788466357210
9783836547901
9780194644396
9788467052091
9788467056631
9788467061390
9788467066067
9788490625859
9788490705933
9788497592413
9788497593489
9788497593670
9788499892542
9788499897677
9789500215428
9789500215794
9789500770026
9789501205237
9789501205770
9789501513882
9789501532166
9789501532234
9789501532876
9789502416618
9789502416878
9789502815039
9789502815053
9789504965152
9789504971658
9789504981305
9789995392611
9789504982951
9789504983590
9789504985082
9789504988052
