9789506446208
9789506446789
9789506447229
9783836597036
9789878453521
9789871524341
9780679723424
9789871786831
9789871997848
9789874479662
9786313000630
9789876346269
9789876670661
9789876670807
9789876671859
9789876672108
9789876672344
9789876673358
9789876673389
9789876673518
9789876673884
9789876673891
9789876674386
9789876674478
9789876700542
9789502416663
9789877353471
9781779527257
9780060951436
9789877370799
9789877392593
9789877392616
9789877693423
9789877805413
9798330707812
9789877950786
9789877951011
9789996710971
9789878201023
9789878221175
9789878222578
9789878222592
9789878201436
9789915670836
9788466353472
9781338299496
9780194248921
9780194421942
9780194506243
9780194511858
