9789500772006
9789502414300
9789502415079
9789502415499
9789502416526
9780593723692
9789502417851
9781501160776
9789871343799
9789871713783
9786313003617
9789877976915
9789873854460
9789873854774
9789873854873
9789877185423
9789877185584
9780593983522
9789500215183
9789877472950
9789877474770
9786313001330
9789878201580
9789915662695
9789915662916
9786313003136
9789974744103
9789974744110
9789992574249
9789992574294
9789996752193
9789877473773
9780194400909
9789877474763
9780525542797
9780062993168
9780194730341
9780194802642
9789876340076
9781524761608
9780142402511
9781338745252
9781338871333
9781546109921
9781546119784
9789500772594
9789500772648
9789502417455
9789871208876
9780593714089
