9780375870354
9780385752794
9780525435280
9780544935204
9780545208871
9780545682442
9780545694704
9780545733120
9780545859264
9780545861298
9780545861359
9789877185164
9780593377727
9780593650868
9781338166484
9781338271508
9781338355246
9781338587531
9781338807646
9783791393766
9781543329681
9781543329711
9781580899468
9781607749769
9786073186728
9789504969136
9788412071832
9786313001927
9788494852039
9789878120256
9788498458459
9789500211895
9789500212403
9789500212670
9789500428811
9789501136586
9789501137231
9789502410920
9789502413372
9789878205106
9789915680156
9789873994210
9789874924223
9789877056266
9789877385298
9789877385816
9789877514001
978987751487
9788420440361
9789877975840
