9788497594257
9789500212755
9789500212946
9789501293180
9789501299885
9789501511284
9786313011032
9789502416809
9789504957416
9789504967811
9789504968085
9789506201579
9789500211963
9789871997091
9789877384512
9789874924971
9789876706254
9789877970487
9788418850776
9781426219719
9789878453132
9789878453194
42409518861
7754111649155
9789878222776
9780062792167
9780063159983
9789502817071
9789877364958
9780316310376
9789877353723
9780316548182
9780375836909
9780385546027
9780451531704
9780525573029
9780525574514
9780545349659
9780553496673
9780593374207
9780593420218
9780593527191
9780593871461
9781101904213
9781338812763
9781400216802
9781419749155
9781552388099
9781250899668
9781779515353
