9780194816250
9780241637777
9780399250651
9780451417305
9789502417561
9780525555919
9786313072613
9780545698306
9780593180075
9780593235010
9780593243091
9780593297063
9780593421536
9780593422878
9780593438060
9780593654705
9780593713020
9780593715543
9789915651026
9780735217966
9781250819352
9781338285260
9781338682267
9781338692211
9781338745184
9780060530945
9781338803921
9781338837513
9788425362675
9781426223167
9781426223471
9781524712488
9781578269402
9781607749233
9781623541149
9781787738607
9788408089810
9788408102274
9788408227243
9788408244769
9788408245261
9788408247449
9788408246619
9788408246633
9788408268376
9788408276852
9788415594697
9788417671808
9788417922719
9788418797774
