9789502417301
9788418967788
9788419498106
9788419642011
9788419743466
9788423363285
9788425361104
9788425361821
9788425362699
9789915677682
9788425364754
9788425365690
9788426408518
9788426426321
9788426481818
9788427049321
9788430609031
9788430609291
9788432241468
9788434436435
9788439735588
9788439736967
9788445010099
9788445015414
9788449336485
9788449337109
9788449338045
9788449340444
9788466331098
9788466332088
9788466341073
9788466342223
9788466343084
9788466344760
9788466362658
9788466369381
9788466670371
9788467069433
9788490701317
9786313011995
9788490707326
9788490708446
9788491054108
9789502417073
9788491994466
9788499890852
9788499898834
9788499989068
9789500771276
9789501209310
