9780194302647
9780194305945
9780194312851
9780194312875
9780194316170
9780194328104
9780194336253
9780194342285
9780194362474
9780194370967
9780194372251
9780194376235
9780194384384
9780194386890
9780194393355
9780194401081
9780194420785
9780194421683
9780194421706
9780194421737
9780194421799
9780194425780
9780194510561
9780194512350
9780194512565
9789877187038
9780194569521
9780194645447
9780194704502
9780194704519
9780194704540
9780194704557
9780194728812
9780194729093
9780194729123
9780194729529
9780194729710
9780194768139
9780194769648
9780194770231
9780194774574
9780194775656
9780194786058
9780194794466
9780194463720
9780194809320
9780195802320
9780198427100
9780307742483
9780312349530
