9780804185622
9781984863614
9780804172707
9788448850555
9789877977639
9789502816869
9780194053907
9780194053921
9780593379608
9780593691618
9780593703403
9781338848120
9781338892444
9788426424921
9781339027678
9781426375712
9781465497864
9781589254565
9789878209289
9789501202854
9780545861243
9788499898704
9789500299503
9789877250299
9789877252156
9789992514788
9789873952913
9788494851957
9798217031283
9788403503816
9788490329085
9788490705902
9788494819148
9789500210553
9789500212069
9789877386455
9780593595442
9789878120195
9789878317038
9780062956569
9780399501487
9780439650762
9780531230718
9780593527184
9780593527221
9781401603977
9781250860019
9781523093144
9788466355353
9789501119640
