9789877950601
9789877950793
9789877950878
9789877977738
9789506447625
9789996759116
9788466665407
7754111020435
9789878220871
9789878221427
9789878318066
9789878318615
7891360154815
9789878453446
9789878453699
9789878940052
9789878940489
9789915670621
9789873612558
9789915670775
9789995319908
9789996715488
9781400351817
9798716754942
9780063251922
9788426425485
9780143106784
9780198418191
9780194278805
9780194323468
9780194323475
9780194506120
9780194518000
9780194518727
9780194644471
9780194644495
9780194644518
9780194644525
9780194646703
9780194646895
9780194728645
9780194768986
9780194775601
9780194775618
9780194775625
9781664350557
9780194808309
9780194808620
9780194816441
9780194817615
