9789998900141
9871138636
9789878200484
9788418620706
9789874924667
2180400181870
2180400203800
9789874880468
9789877255300
7754111649636
7799133007231
9190025014487
9780062464347
9780063030930
9780141395203
9780142401095
9780142424179
9788466342186
9780316010665
9780316023757
9780385543781
9780385730587
9788418174728
9788430600939
9780399559440
9780451487742
9780525435655
9780545044257
9780545349277
9780545790352
9780545791427
9789878940762
9780593098240
9780593133576
9780593133583
9780593233016
9780593311806
9780593357286
9780593375228
9780593425640
9780593527146
9780593527207
9780593598641
9788499087122
9781250244451
9781331423577
123456789012
9781338187816
9781338214512
9781338269048
