9780448424965
9780142410110
9781426377846
9783836557269
9789504955931
9788417247560
9789878222332
9783836505390
9789507320637
9783836548342
9783836500852
9783836560283
9780316569934
9783836563376
810070624019
9781399618199
9783836585545
9798746334411
9788499089966
9783836556316
9786313010691
9786316553027
9786316553256
9788401030130
9788408186762
810070624033
9788408241263
9788408256212
9788408257721
9788408258193
9789877977721
9789995300012
9788410096042
9788413140711
9788413145679
9789878204963
9788418417757
9788418850189
9788418850295
9781945631832
9788419248350
9788419399526
9780593236598
9788423360697
9788423361076
9788423431953
9788425362682
9788426431059
9788426481801
9780525563693
