9789998914285
9788419357939
9781546139409
9780593816486
9789502408422
9789502417691
9789877183023
9780440351832
9789915691183
9780194005272
9780194005333
9780194247719
9780194626316
9780194791908
9781982165390
9789878201603
9789877186192
9789871713387
9789504990819
9789998900134
9780194050111
9781664340367
9789502417042
9780008201470
9780593902165
9788494852053
9781602555563
9789502417059
9789877978100
9781426375392
9789878002477
9789915686493
9780063250857
9781476747019
9780063416659
9780718034597
9781546138631
9789507324222
9780439773751
9780593973783
9781400334780
9780593432112
9789504980506
9781452182674
9780063327399
9786316598998
9786313001231
9788412841213
9789877255898
9780525559498
