9780679877615
9786313071012
7891360674641
9789876348621
9789877392609
9781338216660
9789877951035
9789878002361
9789878203553
9789878222264
9789878222271
9789877392579
9789873952852
9789996707117
9789996790447
9789998968158
9780194006033
9780194016308
9780194278850
9780194278874
9780194646543
9780194727853
9780194808347
9780194816656
9780593688434
9780593688441
9780593718322
9780593871478
9781338629187
9789506447502
9788413441306
9781631138553
9781631138560
9781680105810
9781682922941
9788408260714
9788418037238
9788466662321
9788466667364
9789871997824
9789874924285
9781338137200
9780060837020
9798225002732
9789877479348
7891360583516
9780194016506
9789814370929
9789814437042
9789814437059
