9780194551007
9780194569507
9780194620123
9780194644259
9780194728782
9780194776271
9780194785990
9780194725651
9780194725699
9780198394600
9780307931474
9780316055444
9780345391803
9788417922818
9780394800752
9780399535796
9780439691383
9780440419396
9780449912102
9780593158715
9780593308257
9780194796293
9780593489727
9780593540749
9780593541364
9780593707562
9780593859858
9781101967027
9783836548397
9781338048704
9781338547092
9781338599459
9786313004034
9780545741729
9781589255210
9781592408993
9789877256833
9781338311488
9781878424617
9781945631610
9781982185824
9788417671846
9788417922894
9788420417967
9788420419046
9788427216259
9780345409874
9786310073385
9788448860431
9788467793246
