9781338670080
9789878120140
9789875665453
9783791386614
9788419366283
9780262049504
9780062343352
9781984859259
9780593799581
9788499426624
9780593582404
9780194022415
9789877976922
9780593890196
9783836548823
9781638932253
9781016858526
9786316553126
9789504991045
9789878222387
9780439545617
9786313012602
9781338617436
9783836592567
9781399627832
9783836537162
9780060256715
9786313000944
9786313010714
9786313011797
9788403015227
9788403523517
9788408227526
9788408240099
9788408260950
9788408263487
9788408267362
9788408273714
9788408275626
9788408276807
9788408277286
9788411000260
9788413440699
9788413441566
9788413442563
9788418015304
9788418173059
9788418557262
9788418619397
9788418820298
