9780593512708
9780062890306
9780063375536
9780062961389
9780718087166
9780718091347
9780063355392
9780063373501
9781418597795
9789877187335
9780063343184
9780593694015
9781400351848
9780063327412
9780063349407
9780063116337
9780063351318
9780063442726
9780063290198
9780063096165
9780063096103
9780063258761
9780063351127
9780063418561
9780063434769
9781400346929
9780063423527
9780064409421
9781400248353
9780063080096
9780063222588
9780063458611
9780063306691
9780063299511
9780008239961
9780008183417
9781400336166
9780593976852
9780525556558
9781524770068
9780593656716
9781984806734
9781426338908
9798217094882
9789878120317
9780593539057
9781524714758
9781368080842
9780307276476
9781101934746
