9788499086583
9788499088242
9788499088648
9788499428208
9788499891095
9788499898841
9788499926285
9788499928289
9788499929170
9789500210256
9789500213394
9789500213684
9789500213721
9789996787034
9789500770965
656750570777
9789501206630
9789501207613
9789501294750
9789501298949
9789501532760
9786316592200
9789502813561
9789502815008
9789502815015
9789502815183
9789502815190
9789504935889
9789504960782
9789504965138
9789504966197
9789504966708
9789504967323
9789504969709
9789504970538
9789504976080
9781338716535
9789504979210
9789504981046
9789504983453
9789506445997
9789506446000
9789506446192
9789506446345
9789506446932
9789506447212
9780593448977
9789915680965
9788490321126
9789507883569
