9789878200729
9789878203539
9789878203614
9789878203676
9789878203782
9789878203799
9789992538418
9789878204185
9789878204253
9789962726661
9789502414904
9789877910780
9789878940892
9789878988887
9789915651798
9789915662350
9789878201481
9782764379431
9789915662800
9780062404527
9789915680958
9789915680972
9789915686448
9781338894424
9789877257601
9789878201351
9789995308773
9789995309121
9781982165413
2111700102838
9780060256555
9780152024499
9780194005067
9780194046596
9780194046794
9780194225564
9780194401029
9780194432108
9780194442305
9780194442442
9780194641944
9780194643269
9780194644563
9780194730921
9780194732956
9780194763059
9780194780124
9780194791885
9780194791960
9780194792646
