9789915677736
9789874830760
9789974904460
9789974904804
9789992539187
9789995309961
9783836542845
9780679723165
9789507324383
9788433966728
9780593661246
9781338561678
9781338608472
9781338826784
9781339011325
9781339041209
9789871093038
9780593349663
9781546132660
9781546136125
9781644732724
9781984830272
9788408202486
9788418006814
9786313011551
9788426407863
9788466339674
9788466662383
9788490625651
9788490668030
9788498727050
9789501298123
9789502415314
9789504927952
9789504966593
9789504974055
9789870416111
9789877384482
9788466351058
9789871524501
9788408163459
9788408187073
9788417809812
9788420454979
9788423431168
9788426409478
9788466348133
9788490627419
9788490628690
9788491050094
