9780394890487
9780516222431
9780545215930
9780545220958
9780545636315
9780590149044
9780590930031
9780593123010
9789502415611
9780593486283
9780593563076
9780593563106
9780679887386
9780823443475
9781302934729
9781338281613
9781338335491
9781338561609
9781338580754
9781338596588
9781338608908
9781338680270
9781338680294
9781338684667
9781338716405
9781338717402
9781338744989
9781338748970
9781338752502
9781338766530
9781338776249
9781338797855
9789877364934
9781338814187
9781338816105
9781338825251
9781338825923
9781338825954
9781338847130
9781338849998
