9788499086743
9788499089546
9789500212250
9789502811260
9789504932611
9789504963882
9780593235508
9781984824714
9781524898441
9789873987717
9789874831330
9789877692099
9789878319032
9788491056850
9781400331864
9781644733950
9788408175728
9788408187110
9788408187608
9788408224860
9788408237419
9788408237426
9788413440439
9788416327744
9788417399665
9788417417055
9788418173158
9788420431680
9788426406941
9788439733164
9788445000687
9788449328831
9788449337055
9788466329354
9788466337892
9788467060720
9788483468913
9788490327258
9788490628188
9788490705889
9788490708095
9788490708323
9788490708934
9788491052210
9788491992639
9788497592444
9788499890920
9788499925578
9789500209915
9789500211352
