9789877388558
9789877804836
9780525538349
9789877978865
9789877978964
9781951213435
9789996781308
9789878371153
9789877353648
9789878988870
9789875669284
9789974904811
9781589255203
9789995309824
9780062434159
9789878371290
9788408226888
9788423356355
9780194053891
9780194247665
9780545417235
9780593123102
9780593648360
9780593661277
9780593898611
9781338612264
9789998911307
9789877479355
9781338883497
9781338890617
9781338892734
9781338893076
9789878000152
9781339047591
9781426373343
9781426377860
9780451531346
9781546124962
9781546131601
9781664340732
9789915677811
9788408193296
9788408217848
9788408229872
9788423351015
9780593977620
9780593523629
9788408123712
9788490704738
9788499086200
