9780194729734
9781338878929
9789877476439
9780593810460
9786313000234
9788448868055
9788466658355
9781338299298
9789877470628
9789877477009
9781338896749
9781546138037
9781544542911
9789504982234
9780194033640
9780194080477
9780194645645
9780194730853
9780194644440
9780194725422
9798868976247
9781546152538
9780593902677
9789501533224
9781339043265
9781546138594
9781639623068
9781664350380
9786180543063
9789878208084
9789878222615
9781401308773
9789508702616
9781543386134
9788418949364
9786313004447
9789877353778
9789502416533
9780061992278
9780194046534
9780194239264
9780194400893
9780194763387
9780194033671
9789504980629
9789504985716
9781680104189
9789877364293
9781368106269
9789500771184
