9788490431610
9788490435809
9789508702074
9781546171867
9780553212471
9789871997732
9780545942201
9789874108074
9780525573067
9789878000060
9789878204994
9789878206707
9788419248060
9786070133404
9783836527361
9780439661256
9780823446919
9782764347140
9782764347348
9789992539453
7798083708823
9788426737786
9780593871713
9786313071869
9786316592477
9788408049104
9788408234340
9789877950915
9788408267560
9788408271826
9788408271840
9788417424619
9788417460594
9788418038242
9788419085726
9788419169334
9788419191786
9788419366276
9788419501929
9788427050006
9788427204447
9788427211261
9788427212589
9788427213098
9788427227231
9788490439906
9789500730259
9789500771191
9780679746041
9789502415208
