9781339043241
9788413142869
9788413146317
9788413147024
9788419654915
9788419654977
9788419743428
9788419965608
9788448854072
9788448863951
9789507881930
9788466371490
9788466658850
9788466658911
9788466658928
9788494285851
9789504973508
9789507326219
9789871997640
9789871997671
9789873952081
9789873952791
9789874132864
9789874830784
9789500214926
9789875712447
9789877805161
9789877977448
9789878207193
9789878121284
9789505612321
9789878221946
9789878317670
9781958803851
9789878317687
9789878940946
7798083708762
9789974738423
9789974738430
9789974738447
9789915680576
9786313003587
9780194114028
9780194114202
9780194239547
9780194462969
9780194512497
9780194646987
9780194792639
9780194645607
