9781476738024
9789506444815
9780593899083
9780792266709
9789878222608
9781338541243
9781338792447
9781338802061
9781338871357
9788410335349
9781338899603
9781368095099
9781426320446
9780593661307
9780380709168
9781546136064
9789877365313
9788427049307
9789500772631
9789871343829
9789874796516
9789878266985
9789500215626
9789878371313
9780063327535
9789996752162
9789502816333
9788439733386
9780399533372
9780194779012
9780593643945
9780593643952
9780593871485
9781338864625
9781338879391
9781426376849
9781546114024
9781546127321
9781589254770
9789998900943
9788466330329
9789875809888
9789877691283
9789878002286
9788466332118
9780441172719
9789500211741
9789877979558
9780593480335
9789877970197
