9789996706141
9871138040
9875662321
9781338662078
9786316708007
9788403522633
9780316346627
9781609457457
9788412286052
9788418045820
9788423361557
9788426738479
9788427218697
9788449339462
9788466357609
9788467060201
9788491050667
9789500214971
9789500216593
9789500769976
9789500770880
9789501209211
9789502417912
9789504976103
9789504976677
9789506446208
9789506446789
9783836597036
9789871524341
9780679723424
9789871786831
9789874479662
9789876670661
9789876670807
9789876671859
9789876672108
9789876672344
9789876673358
9789876673389
9789876673518
9789876673884
9789876673891
9789876674386
9789876674478
9789876700542
9789502416663
9789877392593
9789877392616
9789877805413
9798330707812
