9780385730587
9788418174728
9788430600939
9780399559440
9780451487742
9780525435655
9780545044257
9780545349277
9780545790352
9780545791427
9780593098240
9780593133576
9780593133583
9780593233016
9780593311806
9780593357286
9780593375228
9780593425640
9780593527146
9780593527207
9780593598641
9788499087122
9781250244451
9781331423577
9781338187816
9781338214512
9781338269048
7754111649285
9781338329865
9781338347210
9781338715996
9781416936473
9781481411318
9781524711849
9781557663214
9781590177174
9781611800616
9781611809497
9781878424716
9788412071849
9789506447670
9788493976972
9789500207935
9789500210508
9789500212359
9789500298681
9781250899712
9788408140610
9789871849369
9789873994180
