9789504992400
9789877804843
9789877950670
9781546148012
9781728296685
9780062798183
9780143039976
9780155084810
9780194034654
9780194049481
9780194070669
9780194131087
9780194049511
9780194238984
9780194342261
9780194410076
9780194414937
9780194551007
9780194569507
9780194620123
9780194644259
9780194728782
9780194776271
9780194785990
9780194725651
9780194725699
9780198394600
9780307931474
9780345391803
9780394800752
9780399535796
9780439691383
9780440419396
9780449912102
9780593308257
9780194796293
9780593489727
9780593540749
9780593541364
9780593707562
9780593859858
9781101967027
9783836548397
9781338048704
9781338547092
9786313004034
9780545741729
9781589255210
9781592408993
9789877256833
