9780194780162
9780194789103
9780194792158
9780194802727
9780194812078
9780195969481
9780195969498
9780195969665
9780399244919
9780399545061
9780439206389
9780439231916
9780439559713
9780439684002
9780439796446
9780439833127
9780439862271
9780439894036
9780486418353
9780486426426
9780516246673
9780516460345
9780531212059
9780531218273
9780531281062
9780545088473
9780545098915
9780545108553
9780545115186
9780545156677
9780545175326
9780545195713
9780545222365
9780545237574
9780545244701
9780545312844
9780545342520
9780545344784
9780545365826
9780545436540
9780545436854
9780545453479
9780545605700
9780545630092
9780545683661
9780545698955
9780545732796
9780545784023
9780545791434
9780545814461
