9780194626200
9780194643252
9780194802888
9780679824114
9781368075749
9789974738560
9781338643824
9781338702262
7891360676263
9786070128486
9798880011711
9780062875471
9781984830203
9798217046348
9798225022457
9780593897614
9780593582435
9780593660348
9780385376716
9780593887936
9780194061407
9786316598905
9788466682312
9788432234064
9788449338991
9788466373173
9798225022464
9789502417660
9780194646338
9780194278928
9780194278942
9780194518451
9780194643917
9780194645102
9780194646727
9780194739528
9780194762922
9780194764575
9780451495129
9780593799031
9789507326301
9781546148005
9780194033688
9780194645638
9780194725460
9781546140085
9781589254442
9786180565058
9789604784172
9789915680637
