9780789348494
9788411001908
9788413144351
9788413144665
9788413147734
9788413440569
9788413441269
9788415431572
9788416029396
9788416076819
9788417167066
9788418040696
9788418173035
9788418620348
9788418620461
9788418620980
9788418850110
9788418850288
9788418967269
9788418967825
9788419248602
9788419437822
9788420400303
9788420438030
9788423362288
9788423432158
9788423435678
9788425361005
9788425362668
9788425363696
9788425365188
9788426444295
9788426481832
9788426481849
9788426481856
9788430616541
9788430624362
9788430625680
9788432213755
9788432239540
9789877383553
9788433908414
9788434435988
9788439735908
9788439737155
9788449338984
9788449339516
9788449340925
9788449341526
9788466334631
