9780062989628
9780062989642
9780062432612
9781400336111
9780063208247
9780062974419
9781426377211
9780399592553
9780375726262
9780525509028
9783791387369
9781426215643
9781984823274
9780385545310
9780385347778
9789878206813
9780679743460
9780593581940
9781607749806
9783791389516
9780593699263
9781611808056
9780593230923
9781339043456
9780545208895
9781338805062
9780593231852
9780143139089
9780593298589
9781546152330
9789878205564
9780142408803
9798217059201
9781400077830
9780679727224
9780593517444
9780593522004
9780593977309
9780593582381
9783791346595
9780147510488
9780593751831
9780142410110
9783836557269
9788417247560
9789878222332
9783836505390
9789507320637
9783836548342
9783836500852
