9789501124705
9789502413310
9789502414997
9789502416335
9789502417127
9788408237716
9789871409822
9789871713141
9789873820793
9789873994029
9789875799509
9789877385410
9789877387384
9789877388114
9789877515343
9789877971231
9789877972665
9789877974577
9781426219085
9789877977936
9789877978698
9789877978728
9789878120430
9788419283993
9789500772686
9871175434
9788491052371
9789915662886
9789871093373
9788413145419
9781338790924
9789878209319
9789877254488
9789878204680
9789915691008
9789877364774
