9781338895100
9781339014982
9781339018157
9781546141556
9781338601176
9780593706275
9798887241913
9781338829457
9789502416724
9780062868350
9780062992321
9789877186727
9781400349326
9781543386028
9781543386059
9781669915195
9786070136962
9789502415475
9789502416465
9789502416489
9788466678209
9789992574232
9789915651392
9789500253390
9780593717790
9789339772338
9786313002917
9789878201030
9780063389779
9789878208145
9780593521731
9786316620514
9781589254763
9789974885349
9780062073501
9789871713905
9781524790783
9781339038193
9781646430338
9780593580806
9789915677989
9780545433167
9781338865639
9789878988122
9786073157384
9781339043692
9780593645772
9781546179399
9781546139188
9780143106524
