9789814918213
9786180512908
9786180561876
9789814629027
9789814629089
9789814629034
9789814629096
9780194796323
9786180565195
9780194643382
9780194774734
9780140177398
9786180513585
9786180548556
9780194033626
9780194123648
9786180513028
9780547577098
9780194033589
9780679824251
9780194646840
9789878203928
9786180510966
9780194033572
9780194518321
9781338745740
9781338795349
9781338745757
9781338795356
9781338795363
9780544336261
9786180561883
9780062415240
9786180561869
9780194033596
9780194779142
9786180510942
9786180561852
9780194578028
9781338796483
9789878203935
9780194463478
9781338796452
9786180516470
9780399257629
9780194816465
9786180565218
9781338796476
9786180521535
9780194052153
