9789877386004
9789877385724
9780545797610
9780194247696
9780194249799
9780198418214
9780439350846
9780439903745
9780516293752
9780545078825
9780545102704
9780545352239
9780545425599
9780545785044
9780545795401
9780545825030
9780545868150
9780545890137
9780545919777
9780590275583
9789878930008
9780593652176
9781338047257
9781338053807
9781338054675
9781338117509
9781338118155
9781338118452
9781338130201
9781338141580
9781338210224
9781338237917
9781338239553
9781338540420
9781338654998
9781338670776
9781338799613
9781338814668
9781338832334
9789915677699
9789504985730
9788408216827
9788416972517
9788418620041
9788418620072
9788426421395
9788433920089
9788433920881
9788433973696
9788439737469
