9780063355422
9780062236937
9780061935046
9780061935060
9780063070950
9780063071025
9780063070981
9780063305656
9780062930682
9780063343160
9780063320970
9780062933683
9780062279286
9780063382435
9780194802840
9780062699978
9780062699947
9780063450042
9780063271098
9780061853838
9789915680231
9780062964502
9780061702235
9780063060715
9780063037571
9780063037427
9780063037557
9780063060692
9780063290099
9780063257207
9781400247134
9780062430793
9780062430670
9780062974174
9780062675187
9780062404282
9780062404213
9780062404268
9780062675248
9780062868268
9780062868459
9780062868329
9780063272453
9780063272439
9780380709601
9780380709540
9780062475763
9780063287877
9780063415195
9780063311220
