9781664340732
9789915677811
9788408193296
9788408217848
9788408229872
9788423351015
9780593977620
9780593523629
9788408123712
9788490704738
9788499086200
9788499087139
9789500211116
9789502415802
9789502806112
9789504976363
9789506444495
9789506445690
9789871195107
9789871524365
9789995303891
9789996715211
9789996725036
9789998900950
9786313070725
9789878121444
9788491299875
9789878001975
9788401026270
9788420454825
9788423430833
9788426403438
9788497592468
9789500212861
9789502417219
9789506201500
9789563603897
9789875809093
9789876700931
9789998913103
9798887690643
9871138121
2160400201464
9789878120188
9786316691231
9789915680316
9780142437339
9780143134152
9780194620031
9780194620079
