9781426375392
9780063416659
9781546138631
9780439773751
9780593973783
9780593432112
9781452182674
9780063327399
9786316598998
9788412841213
9789877475753
9780194524230
9781338133684
9781546152378
9781640951877
9780194645065
9789502417462
9780194646796
9780194646857
9780823451845
9780063305083
9780194407366
9780194556385
7891360656227
9781339019123
9780399256738
9789915686509
9780194234252
9780194796347
9780316556514
9780593834510
9780593899557
9786180534801
9786313072705
9789504965923
9789604784158
9781631139697
9786313001347
9788427050723
9789871849482
9788419449030
9789915691213
9789974697072
9789974744776
9780194114196
9780194643207
9780194732918
9780194763103
9780194763400
9780194792264
