9780593972434
9780593983539
9781338767483
9788412981544
9781496740984
9781631134241
9780060936228
9788419654991
9788408260707
9781339043241
9788419654915
9788419654977
9788448854072
9788494285851
9789504973508
9789873952791
9789874830784
9789877977448
9789878121284
9789505612321
9789878221946
9781958803851
9789878317687
7798083708762
9789974738423
9789974738430
9789974738447
9789915680576
9780194114028
9780194114202
9780194239547
9780194462969
9780194512497
9780194646987
9780194792639
9780194645607
9780374602048
9780440420477
9781338865608
9780593714379
9780593978511
9789502417318
9781664350250
9781623542894
9781680106527
9781338883329
9781338687224
9780744028638
9786313002221
9789874830722
