9780545826044
9780545848619
9780545872386
9780545883795
9780545905916
9780590227155
9780590265874
9780590420129
9780590432290
9780590465717
9780590475631
9780590642668
9780590847797
9780590931540
9780590982078
9789995319137
9780593570357
9780689806278
9780721426235
9780723247739
9780803732285
9780843139938
9780883880524
9780884483090
9781302930288
9781302946562
9781302948078
9781338029376
9781338042887
9781338088632
9781338121803
9781338121827
9781338129342
9781338151749
9781338159172
9781338180633
9781338208696
9781338215243
9781338232172
9781338239935
9781338239942
9781338239959
9781338253788
9781338268539
9781338329506
9781338355871
9781338505252
9781338577136
9781338582970
9781338596649
