9788491055020
9788491993797
9788493700911
9788494716935
9788497595964
9788497930840
9788497931625
9788498753226
9788499080017
9788499087252
9788427235779
9788499922997
9788499927879
9789875669116
9789992510254
9789500772563
9789501206517
9789501209303
9789501297737
9789501510003
9789501532098
9781797234342
9789501533040
9789502416090
9789502814896
9789502815206
9789502815435
9788411070553
9789502816340
9789502816357
9789502817125
9789502817972
9789504926832
9789504955115
9789504966654
9789504976646
9789504977421
9789878001289
9789504982326
9789504986768
9789504986799
9789504989745
9789504990413
9781443460712
9789505077373
9789505078707
9789505472734
9789506446987
9789506447472
9789506447649
