9781779519931
9782764352564
9788408171324
9788408244370
9788416867691
9788417605704
9781338894875
9788427225992
9788448832810
9788448857806
9788448862077
9789500213592
9789500767774
9789500772570
9788490430323
9789502817989
9789504962281
9781338894882
9788466357425
9789507325472
9789871208821
9789871208852
9789871208968
9789871849468
9789873202919
9789873203145
9789874779403
9789874779465
9789874779496
9789874832269
9780062851062
9789873993657
9789877364866
9789877975635
9789878001685
9789878200385
9789878200453
9789877690927
9789878202532
9789878940960
9789878940991
9788497930147
9789974744288
9789974904507
9789974904514
9789998900158
9788419275905
9780789348418
9789878208237
9780062974396
