9780194049368
9780194131070
9780194049849
9780194239349
9780194248259
9780194397254
9780194421867
9780194422246
9780194425766
9780194425773
9780194512404
9780194579094
9780194603294
9780194729451
9780194638036
9780194644983
9780194824576
9780198348641
9780316017930
9789877473360
9780439731232
9788439736585
9783836595315
9780553521078
9780593083888
9780593098257
9780593098264
9780593202364
9780593492222
9780593569047
9780593621967
9780593715529
9780692189030
9780735267893
9780765360038
9780812983043
9780876145463
9781250842725
9781250850553
9781250866455
9781382006613
9789875796478
9789878208862
9788412572773
9781639730957
9781645472322
9781680106510
9781684376513
9780198418153
9780198418160
