9780593801307
9780593816134
9780593816837
9780593818459
9781496743947
9781782276722
9781544514215
9788408260684
9788419654953
9789878202778
9781338890334
9789878317694
7891360490050
9780062409867
9780194131124
9780194248914
9780194504492
9780194569583
9780194645072
9780194463201
9780194756259
9780194792189
9780194792714
9780307947987
9780374500016
9780394871806
9780593994191
9781250217431
9781302960995
9781338806694
9781589256033
9789878204000
9789878209029
9789992539163
9789915670201
9789915680019
9789974904545
9781543382280
9781631139307
9781631139338
9781631139345
9789877978186
9788427047945
9788427048799
9788427050624
9788427051027
9788491221296
9788494851988
9780593244036
9789502406404
