9780194005074
9780194046756
9780194070034
9780194070065
9780194070072
9780194123532
9780194123570
9780194220033
9780194220637
9780194220811
9780194225533
9780194225557
9780194236577
9780194238700
9780194239721
9780194239769
9780194247146
9780194338332
9780194338349
9780194338462
9780194338479
9780194392921
9780194400756
9780194400855
9780194400886
9780194400961
9780194400985
9780194421676
9780194442428
9780194455169
9780194455213
9780194455268
9780194455336
9780194626194
9780194641524
9780194641531
9780194641555
9780194641579
9780194641821
9780194641869
9780194641906
9780194641982
9780194643405
9780194646505
9780194720014
9780194720076
9780194720083
9780194732901
9780194740104
9780194763394
