9788427209459
9788427210134
9788427216204
9789877187199
9788427217843
9788427218048
9788427219397
9788427220850
9788427224926
9788427225923
9788448849955
9788448858438
9788448863975
9788482988221
9788482988245
9788482988283
9788490434628
9788494171413
9788494220524
9788495873361
9789877694123
9789501129366
9789501129526
9789501131079
9789501135008
9789501136562
9789502409467
9789502411026
9789502417271
9789502417295
9789504969129
9789504984689
9789504985723
9780063055735
9781958803837
9789507323041
9789507324932
9789507326370
9789508702456
9789871208463
9789871296224
9789871343393
9789871713264
9789871713547
9789877951004
9789871849154
9789873820731
9789873854958
9789873994302
9789874108142
