9780194726146
9786180572599
9789604439652
9786313070701
9781338894448
9780823449644
9780194646826
9789814437585
9780194726412
9786313070640
9789877515480
9786313070718
9781400212323
9780194527675
9780194539678
9781338233582
9781546154273
9789998911857
9780194463997
9780194070003
9780194748599
9780194802871
9780194113946
9780194392914
9780194646291
9780194646536
9780194646567
9780194729352
9780194114189
9780194776301
9780194791656
7754111557993
9789604439553
9789877515473
9789915686394
9780194646352
9780194748797
9789568155698
9781338233551
9780194421928
9780194538237
9780194556408
9780194770200
9780194817608
9780194824521
9780194808088
9780194046688
9780194802529
9780062974266
7891360796411
