9789873854514
9789873993640
9788403522305
9789874240750
9789874796547
9789874796561
9789874880420
9789876346757
9789877364941
9789877803341
9783836581912
9789877976885
9789877978322
9789877978346
9789877978483
9789877978568
9789877978773
9789877978827
9789877978834
9789878940755
9789878002125
9789878203591
9789878204161
9789878204192
9789878204222
9789878205052
9788426728784
9789878206202
9789878208480
9789915651866
9789915662374
9789915670270
9789915670300
9789915670607
9781339021577
9788466356015
2180400161445
9781338214581
9789878453316
9789915686455
9789915686691
9789500206129
9789974744899
9781426324864
9780062234896
9780062404435
9780064405782
9780142407547
9780152057800
9780194005043
