9780765378583
9781250348838
9783754400364
9781338745986
9781338874129
9781523005895
9781546127055
9781639105731
9781680105995
9781680106022
9780194808040
9786180570700
9788427216426
9788448858773
9788448860363
9789502417943
9781338262513
9789878204888
9781338805123
9781546151609
9781338847321
9781338847314
9780823446865
9781338830835
9781426324963
9781426325991
9786316592651
9788417671679
9788418038730
9788484418900
9789501124712
9789502408040
9789502408057
9789502408064
9789502413730
9789502416502
9788494795138
9789568155513
9789568155520
9789871296996
9789871713578
9789871849536
9789873854750
9789878206424
9789877187151
9789877187366
9781426324901
9789877977400
9789877977844
9789504978763
