9780063418561
9781400346929
9780063423527
9780064409421
9781400248353
9780063080096
9780063222588
9780063306691
9780063299511
9780008239961
9780008183417
9781400336166
9780525556558
9781524770068
9781426338908
9798217094882
9781426338120
9781368092661
9780375802911
9780679844075
9780679851011
9780679826422
9780553211160
9780679838869
9781338299564
8438051042809
9780593624531
9780593650899
9788408252276
9781664340572
9789502408439
9781546129950
9781338299519
9781338575132
9780804190114
9781368102209
9780593644591
9781426371394
9781368102216
9788412981537
9780525558989
9780593481493
9780593983256
9781426373732
9780141439518
9780593796801
9798217059294
9780143106630
9780062073488
9781728296227
