9789878453620
9789878453644
9789992536544
9780194410274
9780593447666
9781943083053
9789500216166
9788411070751
9788416859351
9788419498113
9789502417097
9788448029357
9788466331869
9788466349345
9788466356077
9788483460474
9789500214735
9789500215602
9789502417622
9788408260226
9789504957485
9789504964148
9789504979975
9789504989431
9789504990666
9780194414814
9789871524785
9789877188530
9789877188905
9789878204901
9789877257618
9783791393810
9789878220383
9789878220475
9789502415048
9780194006040
9780194463454
9780194518475
9780194645126
9780194646765
9780194762908
9780307386410
9780385348744
9781339053028
9789500216470
9780593497678
9780593750636
9780593833575
9781250189967
9781250223180
