9780593081501
9781426202919
9780593489413
7891360612650
9780062691194
9780593521656
9780593578636
9789878222356
9780593598009
9781250095299
9783836599900
9780593956731
9788408277583
9788413143200
9788425362965
9789877255751
9788430608690
9788466362641
9788466675079
9788467058949
9788499928845
9780063268456
9789504945673
9789504960096
9789875808850
9789875808867
9789877184464
9789877186710
9781339046969
9789877254778
9789877255027
9789877392272
9789878221953
9789878435565
9780593303856
9780593801970
9786316620170
9786319091427
9788408111603
9788408261575
9788419501646
9788430609987
9788466349529
9788466350273
9788466354370
9786313000074
9781546140092
9789877977479
9781338045840
9783791386287
