9789500215664
9781546179252
9781339037639
9781546110262
9788427222700
9789877188790
9789877365269
9789878208695
9789915651088
9798217045785
9781546138501
9781338895070
9789500215770
9786313001071
9781631139291
9781631139321
9781631139352
9789871713356
9788408051732
9788412981506
9788412981513
9788427042407
9788467794618
9788493755713
9780593728161
9789502414300
9789502415079
9789502415499
9789502416526
9780593723692
9789502417851
9781501160776
9789871343799
9789871713783
9789873854460
9789873854774
9789873854873
9789877185423
9780593983522
9786313001330
9789878201580
9789915662916
9789992574249
9789992574294
9780194400909
9780062993168
9780194730341
9780194802642
9789876340076
9781338745252
