9788439739234
9788466334365
9788466340304
9788466348652
9788466669467
9788483658802
9788490324349
9788490623831
9788490624401
9788490625897
9788490626696
9788490668726
9788498389661
9788499080338
9788499086156
9788499891934
9788499928081
9789500210805
9789500211000
9789500212601
9789502415130
9789502417066
9789502812052
9789504963608
9789504963899
9789504965411
9789504965671
9789507322747
9789508851185
9789870427186
9789873203107
9789873987700
9789875800458
9789875801295
9789876703789
9789877380439
9789992538395
9789995306335
9789995387082
9789996748509
9789996772320
9789876345927
9789974690844
9871138717
9789915651033
9789502817392
7840090002026
9506201773
9780143107712
9780399164033
