9788417007218
9788418006081
9788426404411
9788433914262
9788433914729
9788449335617
9788466338844
9788466341660
9788466346849
9788466350112
9788466355414
9788466666497
9788483462928
9788490328279
9788490628720
9788499083605
9788499085517
9788499089546
9789500212250
9789502811260
9789504932611
9789504963882
9780593235508
9781984824714
9781524898441
9789873987717
9789874831330
9789877692099
9789878319032
9788491056850
9781644733950
9788408175728
9788408187110
9788408187608
9788408224860
9788408237419
9788408237426
9788413440439
9788416327744
9788417399665
9788417417055
9788420431680
9788426406941
9788439733164
9788445000687
9788449328831
9788449337055
9788466329354
9788466337892
9788467060720
