9780063413108
9781426374708
9780063467910
9780063056503
9780062563903
9780063083714
9780063395695
9780063050112
9780063203907
9781401603908
9780008240035
9780593852507
9780593549575
9780593578421
9780593712641
9780593582015
9789877186048
9780399245039
9786316620194
9789500216340
9781338702279
9780141194561
9780525707998
9780593493908
9781426338830
9780142408810
9798217038763
9780593644560
9789877257519
9789877977493
9780194792172
9781338828153
9780316477543
9781400219490
9789502817781
9781338816143
9786316553034
9786316598974
9788403523135
9788413146027
9788425363344
9788425363559
9788430609307
9788466349277
9788483467480
9788490629178
9789501201192
9789502417745
9789502418025
9789875808881
