9781338603323
9788417921873
9788420417721
9788420417738
9788427214651
9788427217195
9789504988908
7754111020848
9789877188769
9786316553195
9781602550094
9788467006889
9783836588065
9788425363924
9789878205786
9789878205793
9789878205823
9789878206639
9789502818023
9789878208893
9789995392635
9786310094946
9900001293016
9781338745245
9780545014472
9789877255904
9780545750356
9780590940641
9780823446896
9780823446902
9781338767506
9781339043678
9781623542085
9781623542122
9781682921432
9782764346969
9781338299144
9786313000845
9780593578124
9788408245209
9788408248231
9788408253778
9788408266662
9788417305413
9788418798580
9788418820533
9788418915901
9788419743749
9788420459523
9788426726438
