9781339032320
9780531252314
9780194646819
9789874979421
9789878435787
9780194407373
9780194518307
9780194725880
9780194725910
9780194726375
9780194824507
9789915677477
9789504984115
9789874108036
9789874108043
9789974738553
9781368090377
9780194780056
9780763679224
9780781810661
9780194646710
9780194722698
9789604788842
9780194579032
9780194579278
9780194644457
9780194824545
9789915670171
9789915677026
9789915677057
9789915677064
9789915686127
9789915686134
9789915686400
9780194626309
9780763680893
9780194808422
9780194278713
9780194278737
9780194397360
9789604788866
9780194574709
9780194726344
9781338835755
9781368097925
9789878203713
9786180570724
9789604788859
9788427047952
9789915670188
