9788415594291
9788416029235
9788449308536
9781560977742
9780063375697
9781257771974
9781797214382
9783836577878
9798289091819
9500726068
9786313001910
9786313012114
9783836598774
9788403523708
9788408192343
9788408230885
9788408246329
9788408262398
9788408273837
9788408275763
9788411070782
9788411071598
9788411072250
9788413141145
9788418173745
9788418850592
9781338722932
9788419283764
9788419346315
9788419399564
9788419399816
9788423360079
9788423431397
9788423432783
9788423433629
9788423434008
9788425355882
9788425362644
9788425362651
9788426407771
9788426423429
9788426426833
9788426481764
9788426481825
9788426481863
9788430609345
9788430625741
9788432242106
9788432248344
9788439736936
