9780062974136
9780194626217
9780194791366
9780593809570
9789974738584
9781680105896
9781368090353
9780194802857
9789915680569
9780718076344
9781664351509
9780194118446
9789877477702
9789996703928
9780194645027
9789814437578
9780194644556
9788448869564
9780194278553
9780194384513
9780194644976
9780194645089
9780194645164
9780194808026
9786316542014
9781338760880
9781338299212
9789877515497
9789915677125
9780194005449
9780194123594
9780194643863
9780194643900
9780194789042
9780194802949
9789501298536
9786070133626
9781546138488
9781546131663
9780194802994
9789915677132
9780194063067
9781339011882
9780194646345
9780194808361
9780194384599
9780194644549
9780194645096
9780194645706
9780194722421
