9781338233537
9781338767643
9789915680002
9789995306878
9788466360791
9783791379685
9781546151753
9789873820465
9780194792240
9788499985473
9783836567022
9780194049962
9780194050081
9783836557801
9789500214995
9780789348326
9789915680132
9788416029426
9783836561693
9783836594851
9781835623527
9789915680088
9780593898284
9789877371161
9789878120768
9781585424337
9780241620168
9780718021450
9786313000722
9786313010097
9781835623374
9789878208152
9788401029813
9788403014329
9788403518445
9788408041368
9788408266686
9788408124047
9788408196525
9789501532616
9788408231202
9788408237341
9788408249498
9788408249504
9788408249511
9788408251712
9788408262404
9788408267195
9788410096226
9788410096943
