9783836560283
9780316569934
9783836563376
9781399618199
9798746334411
9783836556316
9786316553027
9786316553256
9788408186762
9788408241263
9788408256212
9788408257721
9789877977721
9789878204963
9788418417757
9788419248350
9788419399526
9780593236598
9788423360697
9788423361076
9788423431953
9788425362682
9788430609321
9788430609338
9788430626274
9788427047372
9788466358354
9781400336159
9781426374197
9788499924007
9789500216265
9789390354160
9789502415550
9789502817446
9789877977707
9789507312588
9789873818837
9789873987564
9789876349758
9789877182019
9789877185263
9789877187021
9781589254756
9789877257342
9789877257489
9789877353617
9789877371093
9781338890587
9783836532136
9789878266404
