9789871093038
9780593349663
9781546132660
9781546136125
9781644732724
9781984830272
9788408202486
9788418006814
9786313011551
9788426407863
9788466339674
9788466662383
9788490625651
9788490668030
9788498727050
9789501298123
9789502415314
9789504927952
9789504966593
9789504974055
9789870416111
9789877384482
9788466351058
9789871524501
9788408163459
9788408187073
9788417809812
9788420454979
9788423431168
9788426409478
9788466348133
9788490627419
9788490628690
9788491050094
9788497594257
9789500212755
9789500212946
9789501293180
9789501299885
9789501511284
9786313011032
9789502416809
9789504957416
9789504967811
9789504968085
9789506201579
9789500211963
9789871997091
9789877384512
9789876706254
