9780194006033
9780194016308
9780194278850
9780194278874
9780194646543
9780194727853
9780194808347
9780194816656
9780593688434
9780593718322
9780593871478
9781631138553
9781631138560
9781680105810
9781682922941
9788408260714
9788466667364
9781338137200
9780060837020
9798225002732
7891360583516
9780194016506
9789814370929
9789814437042
9789814437059
9789814437301
9780194384285
9780194520515
9780194561839
9780194637589
9780194645157
9780194738569
9780194738668
9780194738767
9780194771825
9780194463980
9781637168097
9781546114413
9780786836512
9781338776225
9781339023120
9781338889437
9781546144601
9781589254787
9780194808064
9780194824538
9789814370769
9789814370912
9788467793260
9781546134138
