9780194236195
9780194245746
9780194248945
9780194369763
9780194578196
9780194579452
9780194603287
9780194234207
9780194463218
9780194739412
9780194756242
9780194817486
9780316258777
9780394750590
9780593528655
9780545891387
9780593800102
9780593809242
9786313003655
9780679863748
9781524742775
9781589254978
9781664350212
9788427238657
9781338762457
9780525581581
9781546141815
9798217046249
9781546110477
9781338541199
9781338668001
9781534421813
9780063413672
9786316620323
9788408267577
9789878317014
9788427049369
9788427049574
9788427050389
9788427050860
9781250301703
9788494646065
9788433977199
9780008203917
9789502415093
9789502417783
9789502417844
9789877187144
9789507320835
9789507320903
