9780194808385
9788427222687
9789877977837
9788426432315
9788425363931
9789878206714
9789878208985
9789878208992
9789878209395
9789915651101
9789915670782
9789915670805
9781452168661
9781338849134
9781426333514
9782764347157
9782764347737
9786070128424
9786070129957
9786313010929
9786313071401
9786316620057
9788408232070
9788408249306
9788408251217
9788408270515
9788408271925
9788412981575
9788416138500
9788417424305
9788417736835
9788419366436
9788419366900
9788419421333
9788420440866
9788420456683
9788420456720
9788420459622
9788426727947
9788426728210
9789500215015
9788426733177
9788426733498
9788426733740
9788432241697
9788426737793
9788427048348
9788427050136
9788427050730
9788427208483
