9789506447298
9780194646321
9789504991083
9781546154327
9789506446314
9783791346588
9789873955037
9789876349711
9789876674379
9789877181593
9789877185249
9789877254792
9780063378995
9789877805123
9789877950755
9781705113554
9791387563042
9871138822
9780194646758
9780194727884
9780194764568
9780194779029
9780593545171
9780593549551
9780593639658
9780593654729
9781338617474
9781338715477
9781368090360
9781634977999
9780593900734
9781705157817
9786180513646
9788408260691
9781338744842
9788419283184
9781400342761
9789500444385
9789501138467
9789504975250
9781546148029
9781339008714
9789878204895
9789878435183
9781338561630
9780593418574
9789873820717
9789878371450
9780062300553
9780194123693
