9781625810588
9781639620722
9781779517906
9781984814524
9788408171300
9780525536963
9788418688539
9788420459561
9788426727817
9788426737779
9780761187486
9788448855246
9788448857097
9788448857103
9788448860721
9788490430040
9789500212847
9789500213134
9789877365290
9786313010912
9789877365306
9789871208838
9789874796523
9789874830777
9781426221675
9780593084663
9789877519242
9789877974010
9789877977127
9789878121000
9789878200392
9789878201238
9789974679979
9789875801837
9789915677736
9789874830760
9789974904460
9789974904804
9789992539187
9789995309961
9783836542845
9780679723165
9789507324383
9788433966728
9780593661246
9781338561678
9781338608472
9781338826784
9781339011325
9781339041209
