9788426738745
9788426739827
9788427022096
9788427045347
9788432237805
9788432237812
9788434435674
9788439730484
9788439733171
9788439734611
9788439735663
9788449337239
9788449338618
9788449339509
9788466329149
9788466330015
9788466331418
9788466345668
9788466347297
9788466357722
9788466358606
9788466359375
9788466360777
9788467061109
9788467075731
9788483468920
9788483658734
9788484509981
9788490321959
9788490626085
9788490626610
9788490628607
9788490628973
9788490628997
9788490629000
9788490629260
9788490665435
9788491050773
9788491053668
9788491992882
9788491993025
9788491993735
9788491994145
9788491994213
9788497592512
9788497592581
9788497593137
9788497599412
9788498755169
9788499086583
