9788426737762
9788426739797
9788427051416
9788448855239
9788448861490
9788448865139
9788466357128
9788466362511
9788490438541
9788491050001
9788491050476
9788491053354
9788493453749
9788494785290
9788497593168
9788497594349
9788499187570
9781984896438
9789500752756
9789504944393
9789504955948
9789504972549
9789504973775
9789504976806
9789504977643
9789509080744
9789509080829
9789509080898
9789585191877
9789871093410
9789871093441
9789871093540
9789871093762
9789873818783
9789874132437
9789875710054
9789875804548
9780765365279
9789877388329
9789877390773
9789504975809
9789877976809
9789877976816
9789878001388
9789878201450
9789878201467
9789878202280
9789915677774
9789878266022
9789878940670
