9781338300802
9781338670073
9781338767513
9781338798197
9781338883145
9781426324840
9781426324987
9781682630204
9781933605791
9782764352557
9781419784392
9786316592064
9786316592552
9780679891154
9788408229599
9788408240143
9788408240396
9788408253761
9788408254140
9788408260219
9788408266754
9788408271833
9788408273417
9788411320573
9788417424268
9788417541576
9788418594045
9788418798061
9788419421562
9788420459240
9788420482989
9788420483184
9788426406040
9788426726674
9788426726872
9788426727879
9788426731838
9788426732781
9788426735454
9788426735607
9788426736598
9788427049345
9788427050129
9788427051461
9788427209442
9788427213128
9788427217836
9788427219182
9788427219649
9788427221499
