9780194061704
9780194060950
9780194061728
9789814629393
9780194060974
9780194061100
9780194061124
9780194061254
9780194061278
9786180573459
9786180573466
9780194729215
9786180573435
9780194266758
9786180573442
9789992587850
9786180511918
9786180566147
9786180511932
9786180511895
9786180566154
9788467075700
9789814629409
9789814629430
9780194397988
9780194034067
9789814629423
9780194266642
9780194906715
9789814918237
9781546994541
9789814629041
9789814629102
9780194578103
9780194798488
9780194906296
9780194578189
9789814769020
9789814918251
9789814918268
9789814918220
9789814918244
9789877188547
9798225022488
9789814781367
9789814629058
9789814629119
9780194578172
9781338745726
9780194552899
