9789502415857
9789502816852
9789502816883
9789502817095
9789504915492
9789504924647
9789504943679
9789504980889
9789504989875
9783836591959
9789506202606
9789506443412
9789506447205
9789506447397
9789507319198
9789685270168
9789870432517
9789871941827
9789872875473
9788499929057
9789873987557
9789875666474
9789875802834
9789876092791
9789915677804
9789876280198
9789877251715
9789877252866
9789878206684
9789877256871
9789877370973
9789877371178
9789877380026
9789877383614
9789877383652
9789877384611
9780008537807
9789877693898
9789877802634
9789877950687
9789877950748
9789878001517
9789878513256
9789992582206
9789992582220
9789992597095
9789995301200
9789995301330
9789995303082
9789995326715
