9789502813226
9789502814056
9789504930594
9789504967026
9789504974314
9789504975496
9789504976332
9789506209391
9789871997404
9789873688171
9789874132017
9789874132383
9789874132567
9789874132574
9789874812872
9789874924278
9789875662834
9789876700245
9789877352504
9789877362268
9789877381856
9789877387636
9789877387926
9789877390261
9789877800708
9789877392623
9789878454108
9789996715544
9789996725609
9789998900141
9871138636
9789878200484
9788418620706
9789874924667
2180400181870
2180400203800
9789874880468
9789877255300
7754111649636
7799133007231
9190025014487
9780062464347
9780063030930
9780141395203
9780142401095
9780142424179
9788466342186
9780316010665
9780316023757
9780385543781
