9781338627725
9781338629132
9781338643732
9781338648263
9781338666540
9781338668322
9781338670097
9781338677171
9781338680126
9781338681796
9781338684681
9781338692242
9781338714548
9781338715422
9781338732733
9781338734256
9781338736625
9781338745467
9781338745535
9781338753356
9781338756364
9781338766660
9781338766691
9781338767230
9781338767940
9781338770476
9781338776348
9781338777246
9781338794977
9781338796339
9781338805857
9781338823059
9781338824490
9781338826456
9781338835403
9781338839821
9781338848021
9781338853742
9781416958192
9781423634119
9781426306266
9789507326660
9781447943600
9781467705912
9781557046796
9781562947309
9781616051372
9781625810571
9781743179567
9781779518538
