9780194005067
9780194046596
9780194046794
9780194225564
9780194401029
9780194432108
9780194442305
9780194442442
9780194641944
9780194643269
9780194644563
9780194730921
9780194732956
9780194763059
9780194780124
9780194791885
9780194791960
9780194792646
9780194802628
9780194802789
9789501533132
9780194803007
9782764352533
9780545068239
9780545225298
9780545383714
9780545813877
9780545932233
9780590420426
9780590456937
9780590487719
9780593122983
9780063371781
9780593441077
9781338099195
9781338159356
9781338239904
9781338239966
9781338246100
9781338295207
9781338297003
9781338300710
9781338347234
9781338347241
9781338545890
9781338547573
9781338549256
9781338553826
9781338566697
9781338580846
