9780194278782
9780194372213
9780194397353
9780194518284
9780194538220
9780194578066
9789877977134
9780194644532
9780194645041
9780194645652
9780194645690
9780194645720
9780194646314
9780194646437
9780194646512
9780194646550
9780194720038
9780194722377
9780194739887
9780194748568
9780194762885
9780194764551
9780194768269
9780194769662
9781338596700
9780194808637
9780241302910
9780525552932
9780525552956
9780545176002
9780593238684
9780593465271
9781546130192
9780593550403
9780593639665
9780593719701
9789998914520
9780593854051
9780593874707
9781338682243
9781338776232
9781338795004
9781338828566
9781382006644
9781426219078
9789500772310
9781580899840
9781645471400
9781668026038
9786070128875
