9781338589207
9781338629767
9781338643893
9781338645415
9781338648058
9781338665109
9781338666045
9781338687170
9781338692686
9781338726671
9781338726763
9781338736595
9781338739961
9781338740271
9781338741162
9781338745436
9781338745658
9781338745795
9781338749021
9781338758634
9781338764758
9781338775396
9781338794595
9781338794656
9781338797886
9781338800005
9781338800326
9781338802245
9781338815191
9781338817164
9781338825510
9781338825893
9781338827200
9781338829426
9781338844771
9781338850086
9781338851946
9781338859164
9781338890600
9781338894363
9780140280197
9781338801910
9780593201893
9788419466105
9781580896627
9781625810311
9781779518392
9781779519832
9781953424341
9788408206552
