9789875667716
9789875668119
9789875804883
9789876096683
9789877182828
9789877185614
9780593467732
9789877251562
9789877254563
9789877255775
9789877256895
9789877256901
9789877353570
9789877370737
9798330705290
9789877383645
9789877383683
9789915686714
9788426739223
9789877803556
9789877804720
9789877950465
9789877950625
9789877950892
9789878000435
9789878002163
9789878453415
9789878453484
9789995300838
9789995302788
9789995303556
9789995303907
9789995309701
9871138695
9780525521440
9781641012102
9786313010103
9786313010202
9789915677866
9780789348630
9788401025563
9788401029608
9788403522060
9788403536562
9788408006633
9788408046035
9788408073239
9788425362989
9788408237358
9788408252979
