9788445015407
9788449339165
9788449340932
9788466329873
9788466330817
9788466337328
9788466338257
9789877257670
9788466353809
9788466360920
9788466368216
9788467062359
9788467067118
9788467067125
9788467071153
9788490707456
9788490708439
9788496580770
9788497594929
9788497933773
9788497936774
9788499894041
9788499896717
9780063387621
9789500298889
9789500765596
9789877371499
9781338792164
9789502415536
9781338603347
9789502817910
9789504980469
9789504990949
9789504991403
9789506447359
9789871144839
9789871257362
9789873688478
9789875805934
9789875808874
9789876129800
9781591847380
9789877185508
9789877188448
9789877353341
9789877371147
9789974690349
9789877383430
9789877385212
9781524899370
