9780545042475
9780545828604
9780593299920
9780593527214
9781250757319
9789504968092
9781779514394
9788448851934
9789501119701
9789502414263
9789502414508
9789502417035
9789998914322
9780593138359
9789502417240
9789877385526
9788408275602
2180400204296
9789877910025
9788418045462
9789878202808
9781534404212
9781669915188
9781543386035
9789500213127
9789500213615
9786316691262
9781339056302
9789873952166
9780063097308
9780063432109
9780063373471
9781338274035
9780063031722
9780062086334
9781604334517
9780063430686
9780345806796
9780060518509
9780063414686
9788494994715
9781338614060
9780063311206
9780063311244
9780593512685
9780061246470
9798987695425
9783836551014
9781641012263
9789877371338
