9780063203877
9781984862778
9783791387932
9780593807989
9789974894488
9780593685389
9788490070369
9780545208857
9780545433150
9781664350496
9781338670080
9783791386614
9780262049504
9780062343352
9780593799581
9788499426624
9780593582404
9780194022415
9780593890196
9783836548823
9781638932253
9781016858526
9786316553126
9789878222387
9780439545617
9781338617436
9783836592567
9781399627832
9783836537162
9780060256715
9788403015227
9788403523517
9788408227526
9788408260950
9788408263487
9788408267362
9788408273714
9788408275626
9788408277286
9788413440699
9788413442563
9788418015304
9788418173059
9788418619397
9788418820298
9789502417301
9788418967788
9788419498106
9788419642011
9788425361104
