9789875798199
9789877383898
9789877386745
9789877387964
9789974801141
9781339020617
9789878222240
9780194249133
9781338187793
9780142403877
9789877479300
9780307980793
9780316381307
9789871849277
9780375860959
9780439680516
9780439693820
9780439893619
9780448435213
9780516261676
9780516262772
9780545538107
9780545685344
9780545685399
9780545685436
9780545851886
9780545856317
9780593223734
9781338121186
9781338189636
9781338269017
9781338271515
9781338330557
9781338339345
9781338504927
9781338800296
9781338800395
9781984831163
9783791370996
9788408225294
9788448854133
9788494171406
9788494646041
9788494646072
9788498453072
9788498454338
9789500208208
9789500209885
9789500212854
9789500299992
