9781588166104
9789504967262
9781590516652
9781602826717
9781612509228
9781619693388
9781625231352
9780718021528
9781682532379
9781728276113
9781849538121
9781984879295
9780198418177
9788427221253
9788427223523
9789877804263
9788448862626
9788426738233
9788493755751
9786313011421
9789878200996
9789878201108
9789878201146
9789878205090
9789878208855
9789878940793
9781524898458
9783836555821
9789915691114
9900001347986
9788418637018
7840090003849
9780241312407
9780439086974
9780439087292
9780439398855
9780439756952
9780448461755
9780545458184
9780545819985
9780590270489
9780590471220
9780593174265
9780593177761
9780593522615
9780688154684
9781338158908
9781338187779
9781338208672
9781338239911
