9789915680217
9789998968585
9798707403835
9781543334791
9781543386141
9781631138591
9786070129612
9788419357700
9788427047495
9788427050112
9789500253383
9789502415482
9789502417684
9789504944041
9789871713943
9789877186185
9789878201511
9789878208404
9789878988825
9780062662606
9789500771894
9780194643849
9780194789158
9780593658925
9781338829570
9781339000923
9781546142539
9789810175900
9789873854361
9789873854378
9788412841206
9780345514400
9780194053952
9780593462553
9780593708712
9780385539258
9781338666274
9788439734826
9789502415420
9789502415765
9789504967828
9789507323584
7754111030984
7891360674634
9781544534077
9789502415437
9780593580141
9781544534701
9789502416472
9789502416496
