9781464221132
9780008537791
9780063157798
9783791373911
9780593855942
9780593983249
9780593854020
9786313001316
9781644213810
9780593544891
9780803736801
9780593581490
9781664340961
9780679866954
9781338875645
9781546110279
9781339037653
9781546132639
9780394800936
9780307389008
9781338814491
9781338284324
9783791374918
9780593137642
9780143129455
9780593352939
9780385490818
9783791371511
9780316537049
9780316450010
9780593901779
9783791371399
9789878222349
9780316574525
9786313011810
9788401028052
9780194200615
9789502416045
9789504939320
9789504965008
9789504965015
9789504966722
9789508523891
9789877181197
9789877184051
9780593889404
9780194202244
9781338670066
9789878222233
9781400349333
