9781426375712
9781465497864
9781589254565
9789501202854
9780545861243
9788499898704
9788494851957
9798217031283
9788403503816
9788494819148
9780593595442
9780439650762
9780531230718
9780593527184
9780593527221
9781401603977
9781250860019
9781523093144
9788466355353
9789501119640
9789502414256
9789502414515
9789502415116
9789502415123
9780375846847
9780593136362
9781338575729
9781338804393
9781338815399
9781543329698
9781641012249
9786070134180
9786077458586
9780718091866
9789992574270
9789998914513
9781302948542
9788420665665
9780143106289
9781546141686
9780063092983
9788415580829
9788490438466
9780008537777
9781546136095
9789504967835
9780063335592
9780062909114
9780062940513
9780062432407
