9780063111486
9780194054027
9780194070027
9780194442336
9780194442459
9780194455237
9780593468869
9780194645591
9780194645737
9780385738101
9780593174388
9789915680934
9781339013183
9781338253771
9781338580730
9781338583007
9781338656190
9781338668407
9781338805772
9781338875539
9781338882957
9781338895018
9781984824295
9781546119630
9781546129295
9781631138539
9781682922910
9781779527295
9780142402504
9788418483646
9781546104452
9788494171444
9789568155711
9789871343584
9789873854385
9789873854453
9789878371238
9781426376511
9780804185622
9781984863614
9788448850555
9780194053907
9780194053921
9780593379608
9780593691618
9780593703403
9781338848120
9781338892444
9788426424921
9781339027678
