9787558197758
9788408257530
9789878002088
9788412288544
9788412477696
9789504990901
9788417305987
9788418055263
9788423341016
9788423353408
9788423353699
9788423361489
9788423429967
9788423431557
9788423432585
9788425358982
9788425362514
9789877188820
9788426727046
9788426732866
9788426735522
9788426738783
9788427044210
9780194643832
9788439737995
9788466347617
9788466348263
9788466350587
9788466350785
9788466351027
9788466354356
9788466357166
9788466358439
9788466359290
9788466359634
9788466360739
9788466360760
9788466361019
9788466361118
9788466361200
9788466361316
9788467066005
9788484506485
9788484506942
9788490628683
9788490628980
9788490668542
9788491053200
9788491054061
9788491054528
