9789877970487
9788418850776
9781426219719
9789878453132
9789878453194
7754111649155
9789878222776
9780062792167
9780063159983
9789502817071
9789877364958
9780316310376
9789877353723
9780316548182
9780375836909
9780385546027
9780451531704
9780525573029
9780525574514
9780545349659
9780553496673
9780593374207
9780593420218
9780593527191
9780593871461
9781101904213
9781338812763
9781400216802
9781419749155
9781552388099
9781250899668
9781779515353
9788430608126
9788412071863
9789504969273
9781338158892
9789877387377
9789878120591
9780593234839
9783836546157
9789878205144
9780593122518
9781338252804
9781338271492
9781338273298
9781338606522
9781338823523
9781543329704
9786070128851
9788493976941
