9781984862761
9788427217270
9780143138228
9781338741315
9789877382273
9789877386851
9780060256678
9789871713516
9780385333481
9780194053969
9780194053983
9780316669412
9780440416029
9780545703215
9780593379639
9780593486955
9780593643938
9780593809860
9781338327144
9781338329124
9781338574999
9781338746730
9781338792850
9781400079278
9781338810431
9781338848137
9781339020648
9781524764203
9781449486792
9781546136170
9781546136200
9781546142744
9781589254572
9788408236955
9788439738640
9788499429618
9780394839127
9789502417233
9789506446277
9789875809055
9789995334314
9788490705926
9789875808386
9789878000923
2160400201440
9788417821050
7798356618231
7891360740001
9789871374991
9788466359535
