9780194725422
9798868976247
9781546152538
9780593902677
9781339043265
9781546138594
9781639623068
9781664350380
9786180543063
9781543386134
9780061992278
9780194046534
9780194239264
9780194400893
9780194763387
9780194033671
9789504980629
9781680104189
9781368106269
9789500771184
9781546138525
9788411960274
9780525567141
9780593831236
9798217178902
9780593187524
9780241616116
9780439545679
9780064434225
9780063454118
9781335424921
9780063258716
9780008201517
9780063354777
9780063439221
9781534450622
9781546148500
9781546171409
9780593426869
9780593814222
9780593834862
9780545029957
9781368090926
9789878208848
9789873203480
9780399175213
9781501180972
9786313010974
9788408144595
9788408275596
