9786180561906
9781339042206
9789915677033
9780194722384
9780194802574
9789814437615
9789568155681
9780194463744
9780194729932
9786180513639
9780194774253
9780194824583
9781338878882
9788467075717
9780194233965
9780194643887
9780679729655
9789974904552
9780194730532
9780194730648
9780545800723
9789877254990
9780194646574
9789814437387
9789814437394
9789814437400
9789814437417
9789814437318
9789814437325
9786313070657
9786313070664
9786313070695
9780194110549
7754111557511
9780194052207
9780194052344
9780194233958
9780194569880
9780194579063
9780194824491
9789974904682
9786313070688
9780194822718
9786313070671
8901180431511
9781338330182
9780194729024
9789874979438
9780194537773
9780194726115
