9789915686141
9789974904040
9780194070010
9780194791830
9789874979476
9781400346523
9781400346592
9780593796177
9798217091591
9780316450058
9789875663053
9789874108050
9780194005494
9780194005593
9780194646697
9780194792653
9780194052146
9780194052269
9780194248839
9780194770514
9780194726603
9781408519004
9789877186628
9789915677040
9789915677118
9789915677149
9789974738577
9780194234306
6977885930019
9789877181548
9781101994825
9789874979483
9789915680514
9780593800003
9781338233575
9780194384551
9789568155797
9781339042978
9780194033633
9780194518079
9780194552783
9780194644372
9780194817219
9780194726573
9781464216558
9781546147992
9781546138518
9798225022723
9789974697041
9789974885356
