9789878204840
9789878206226
9789877978070
9781426324949
9789877479690
9789871296323
9780062355300
9789974697065
9780194054041
9780194364355
9780194432221
9780194442862
9780194748582
9780194748780
9780194794206
9780194812252
9780194812313
9780399547645
9780439915311
9780545828659
9780590259453
9780590441858
9780593174715
9780593434611
9780593488096
9780593527047
9780593566718
9780593615706
9781338233605
9781338328660
9781338587197
9781338687071
9781543386042
9781338769951
9781338776218
9781338776355
9783836543897
9781338814156
9781338847109
9781339020822
9781339042534
9789877182033
9781524713157
9781546110668
9781607749783
9781631138485
9781631138492
9781664340749
9781665921312
9781683839408
