9786313010523
9788408257653
9788408258544
9788408270584
9788418051388
9788418798825
9788419191755
9780762491483
9788419743770
9788420459257
9788490435847
9788491053576
9788497593472
9788499089980
9789500444408
9789500444415
9789501136579
9789504964032
9789504984337
9789504989820
9780593513095
9789871093144
9789874132161
9789875710191
9789875712300
9788413147468
9789877256581
9789507326523
9789878001630
9781946764539
9789878202082
9789878203119
9789878222660
9789878977416
9789878987255
9789878987293
9780063433151
9789915662879
9789915677514
9789915677521
7891360635581
9789504992189
2180400180767
2180400181689
9789877979565
9780061339202
9780062472106
9780062797155
9780156949606
9780194033657
