9789878945316
9789878987217
9789915651156
9789915651927
9789915651941
9789915662176
9789915662381
9788427216747
9789974738416
9789974904866
9789996737152
7807202936174
7807202936198
7908011753737
9780062326980
9780062327000
9780143127680
9780194034050
9780194034128
9780194034135
9780194046527
9780194049245
9780194049276
9780194052566
9780194123792
9780194049726
9780194219044
9780194049757
9780194049870
9780194237956
9780194238021
9780194238540
9780194239028
9780194239424
9780194239431
9780194245586
9780194247061
9780194247597
9780194249805
9780194302524
9780194302647
9780194305945
9780194312851
9780194312875
9780194316170
9780194328104
9780194336253
9780194342285
9780194362474
9780194370967
