9780593850671
9781339043227
9781546138617
9780545561631
9780194016490
9780194248211
9780194464017
9780194579124
9780194646482
9780194704588
9780194727761
9780194770248
9780194770255
9780316056199
9780194786102
9780593874721
9780807017708
9798225002725
9789992539507
9781426324826
9786316620293
9789915680613
9789502415468
9789504991229
9781426374517
7798083705952
9780194046701
9780194228169
9781943200009
9781680106664
9781338752250
9781338777215
9780063374683
9780143133100
9781878788306
9780439168243
9780525522133
9789502406381
9781546138402
9780062662644
9789878208824
9781631139666
9780063384651
9780063306509
9780063424784
9780063343221
9780062930651
9780063116276
9780063116313
9780064440202
