2160400201433
9780593081617
9781794745728
9788408046233
9788408187080
9788408231653
9788416517237
9788416517305
9788416517350
9788418056789
9788418173134
9788425355196
9788426404657
9788426407528
9788445000670
9788449320019
9788449329128
9788449329821
9788449337819
9788466359795
9788466668071
9788479539610
9788483467497
9788484320012
9788490329399
9788490625958
9788491050230
9788491050865
9788491054047
9788497592475
9788497595698
9788497938440
9788498388473
9788498927818
9788499080130
9788499088174
9789500209298
9789500209854
9789500211208
9789500211581
9781589258723
9789500212281
9789500212342
9789500762038
9789501297980
9789501298406
9789501299175
9789501531893
9789873952890
9789502417172
