9781338871333
9781546109921
9781546119784
9789502417455
9780593714089
9781338030310
9781451673319
9780593379882
9789878371092
9789974894471
9780194053938
9781426320705
9781683692591
9789502416892
9789505472086
9788466378970
9780593750650
9789504991656
9780008240042
9789878204116
9781449486808
9784805317723
9788491050100
9788494852084
9789501119664
9789875795181
9789992574263
9789502417189
9788491057093
9781338568905
9780008537784
9780062890306
9780063375536
9780718087166
9780063355392
9780063373501
9781418597795
9789877187335
9780063343184
9780593694015
9780063327412
9780063349407
9780063116337
9780063351318
9780063442726
9780063290198
9780063096165
9780063096103
9780063258761
9780063351127
