9788466359313
9788466360906
9788466361002
9788466363747
9788466372824
9788466372855
9788466372879
9788466674515
9788467033816
9788467065466
9788467070873
9788475095868
9788490320594
9788490704233
9788490708309
9788490708316
9788490708422
9788490708460
9789877256925
9788491990673
9788491991595
9788491993667
9788497545235
9788497934329
9788498726343
9788498726770
9788498920949
9788498927177
9788499083599
9788499088044
9788499897660
9788499925714
9788499929064
9788499987675
9789500205092
9789500205122
9789500205191
9788433977748
9789500298926
9789500299534
9789500432016
9789500749282
9789500769259
9789501295078
9789501532487
9781524899325
9789502410449
9789502413266
9789502414881
9789502415055
