9789877951011
9789996710971
9789878201023
9789878222592
9781338299496
9780194248921
9780194421942
9780194506243
9780194511858
9780194518420
9780194643924
9780194739818
9780194770538
9780194771818
9780194808668
9780385348737
9780385549370
9780385549868
9780525432227
9781580899833
9780593654712
9780593717684
9780593732250
9781250209788
9781338284263
9781338630992
7798083709271
9781338803938
9781338835786
9781338847178
9781546152262
9781524712327
9781524712433
9788408246251
9788408249429
9788408257134
9788408260677
9788413142845
9788413147048
9788427220218
9788448857547
9781607749813
9788467055351
9788494616037
9788497932462
9789500444422
9789501138450
9789504984160
9789507325816
9789877364682
