9780063419803
9780063377738
9780062414168
9780063374249
9780062836533
9780062430700
9780062430649
9780062430731
9780062430762
9781400247073
9780063204164
9781328714329
9780063056763
9780063434790
9780194579391
9780063378308
9780063394063
9798217091249
9783791372273
9783791339771
9783791337906
9783791370651
9789874830715
9783791337135
9783791343310
9783791372037
9780593689585
9780525428886
9780593855720
9780593428238
9780593813546
9780593512845
9780375802928
9798217027750
9780593349922
9780545029889
9781984830241
9781546138471
9780593900390
9780593429778
9780593706305
9780593429730
9781546134145
9780593707791
9781680106428
9780593852255
9780307030719
9780593622360
9780593710388
9783791374499
