9789995373832
9789995386948
9789996752759
9789996791604
9786313010219
9786316533180
9788403522251
9788408119203
9788408121893
9788408123934
9788408175735
9788408175766
9788408187592
9788408197515
9788408237624
9788408245537
9788408247487
9788408251538
9788408252955
6014416991955
9788408258698
9788408261612
9788408281436
9788411000987
9788412477610
9788413145822
9788413440590
9788415729860
9788416076307
9788416240036
9788417338343
9788417992477
9788418006500
9788418557873
9788418619199
9788423352715
9788423353682
9788423356454
9788423361236
9788423429011
9788423431786
9788423432264
9788423433520
9788423434138
9788425357718
9788491055013
9788426481184
9788426737120
9788426736628
9788426738523
