9788425362699
9788426481818
9788427049321
9788430609031
9788432241468
9788434436435
9788439735588
9788439736967
9788445010099
9788449336485
9788449338045
9788449340444
9788466331098
9788466342223
9788466343084
9788466344760
9788466362658
9788466670371
9788467069433
9786313011995
9788490707326
9788490708446
9788491054108
9789502417073
9788491994466
9789501532951
9789502812250
9783836523370
9789504985358
9789504987079
9789504989547
9780448451091
9788466373005
9789506446888
9789507313967
9789875805521
9789876671644
9789877186130
9789877187106
9789877188035
9789878206806
9789877950724
9789877950939
9789878000039
9789878001012
9789507321894
9789878453101
9788490705841
9789992516652
9789995320881
