9780439798341
9780692617700
9789915686158
9788494994708
9780062980588
9780194053990
9780194054010
9789915680224
9786313070053
9781664340824
9789878208831
9789502415772
9781338312249
9780887437052
9789877976410
9780593582428
9781728276120
9780194643221
9781339038087
9780778387909
9780593643792
9798225022426
9781546138600
9780439871990
9780545083690
9780439773829
9780439551090
9781546133995
9798217086276
9781339011974
9780194201612
9789504991397
9780545750332
9780194202404
9788448864910
9781589254459
9789877188806
9788419498007
9780593566794
9780194005692
9780194016292
9780194113984
9780194433433
9780194433679
9780194643948
9780194645577
9780194646277
9780385549936
9780525707332
9780593716236
