9780593643945
9780593643952
9780593871485
9781338864625
9781338879391
9781426376849
9781546127321
9781589254770
9789998900943
9789875809888
9789878002286
9780593480335
9789878317021
9789974801103
7798356618255
9781338233148
9781338322972
9780593550427
9789877514346
9789877187182
9789877187205
9788413148465
9788408282709
9781631138584
9781669915201
9781669918240
9788408102236
9788494795152
9788494795183
9788498452952
9789873993817
9789877511031
9786316675651
9780064400565
9789878120737
9786316620521
9781546176428
9781368090933
9783937855073
9789915662732
7798083708755
9780008201524
9788415580379
9788415580607
9788415580836
9789874830708
9781426375781
9781338892710
9780062692801
9780062692788
