9788408206569
9788408206576
9788417605148
9788417736170
9788418850448
9788419859242
9788426736659
9788426739025
9788448832834
9788448834807
9788448834821
9788491050797
9788494851940
9786310057132
9789500772716
9789502417578
9789504989417
9789507325830
9789871061563
9789871208807
9789874880406
9789877186055
9789878202112
9789877970494
9789877972979
9789878202549
9789888240494
9789974684041
9789915680330
9781400220137
9789876128810
9789877804515
9788419275561
9789871713592
9781338816167
9789877254860
9780142414330
9781684129065
9780525553908
9789915686707
9780545211185
9780545642804
9781338566772
9781338809589
9781338892420
9781339020587
9781339020679
9786073194716
9788408223177
9788408224723
