9780194433686
9780194732857
9780194796408
9780194643764
9781338835762
9789604439454
9789605737122
9789871941933
9781101932421
9788427050853
9789877186505
9789877515466
9789974904064
9780194005388
9780194432191
9780194644419
9780194732840
9780194749084
9789871713912
9789915680583
9789877364620
9780718086923
9780593660324
9788408277170
9780194529150
9788419822543
9789873952876
9789992512746
9780194016285
9780194016483
9780194407311
9780194407380
9780194407397
9780194433440
9786180548464
9780194791700
9780194237895
9780194579421
9780194645768
9780194770019
9780194774413
9781338835793
9789604788903
9789604788927
9789605090128
9781339032306
9789974885325
9780194153287
9780194237765
9780194392891
