9789915677965
9788498452150
9780385550888
9789507321122
9789995308094
9780241303351
9789873994012
9789873994159
9789915680415
9780307951717
9789877974041
9789877977073
9789878453019
9789876671958
9780593719435
9789877256697
9789501297607
9780062936615
9789877804911
9789995308551
9789878208909
9780545942157
9781250899699
9789871256495
9788427216372
9788430601134
9788408257714
9781338233414
9788408119593
9788408247463
9780194792349
9781338329544
9789871093243
9788467025286
9786313011483
9788413144887
9780061992889
9780241507667
9780062305015
9783836567473
9780064409391
9789877979305
9789915677705
9789877974560
9789877979312
9789877805154
9788419822932
9783836522205
9789877976854
9789874880475
