9788466349871
9788466352178
9788466357432
9780439538206
9788466371926
9788466372886
9788466668569
9788466676069
9788467055177
9788483469187
9788490328132
9788490625101
9788490704950
9788490705247
9788490706398
9788490706817
9788491054979
9788491991649
9788491992622
9788491993728
9788497593267
9788497595957
9788498755343
9788499928906
9788499989334
9789500206693
9789500299497
9789500769150
9789500770781
9789878120218
9789501261608
9789501294828
9789501296563
9789501296617
9789502401683
9789502413297
9789502817361
9788466373098
9781419782930
9789877250268
9789506447366
9789506447410
9780593123416
9789502417707
9789506447601
9789507314346
9781647222697
9789870426264
9789873202599
9789873818905
