9781338311488
9781878424617
9781945631610
9781982185824
9788417671846
9788417922894
9788420417967
9788420419046
9788427216259
9780345409874
9786310073385
9788448860431
9788467793246
9788490431610
9788490435809
9789508702074
9781546171867
9780553212471
9789871997732
9780545942201
9789874108074
9780525573067
9789878000060
9789878204994
9789878206707
9788419248060
9786070133404
9783836527361
9780439661256
9780823446919
9782764347140
9782764347348
9789992539453
7798083708823
9788426737786
9780593871713
9786313071869
9786316592477
9788408049104
9788408234340
9789877950915
9788408267560
9788408271826
9788408271840
9788417424619
9788417460594
9788418038242
9788419085726
9788419169334
9788419191786
