9781400346561
9789502414317
9798217045679
9781426377235
9789871343133
9781589255197
9789998910379
9781543323993
9781543386158
9781943145317
9789878222523
2180400203343
9788408247210
9788408268109
9788412981520
9788412981582
9788427050303
9788427050402
9781546148050
9788494220555
9788494795190
9789502410883
9789502414829
9789502415086
9789502417738
9789504992677
9789568155483
9789871343409
9789871849031
9789873854729
5060213019133
9789507321306
9789877187083
9781442472464
9780593902691
9781631134050
9789877910179
9789877910902
9789877978285
9781631134074
9781631134180
9781426324925
9789878204468
9789878204864
9789878206950
9789877977790
9789915677095
9780349132617
9781339043685
9789992585801
