9789877474190
9789877479324
9789877518337
9789878001487
9789878001944
9789878120225
9789878200156
9789878200187
9789878202099
9789878202457
9789878221540
9789877389388
9789878222653
9789878222684
9789878454702
9788467070859
9789878945095
9789878977447
9789878987859
9789915651019
9789915677538
3760195712481
9789915677859
9789998975071
9789974744677
9789996752551
9788490708002
9780062698490
9780064471107
9780142001196
9780194023009
9789974697850
9780194049399
9780194238557
9780194239035
9780194239356
9780194239660
9789504965084
9780194305921
9780194317214
9780194325387
9780194370875
9780194372008
9780194375993
9780194387545
9780194413299
9780194413329
9780194429252
9780194506601
9780194534680
