9789878200835
9789878201122
9789878201207
9789878201474
9780811204811
9789878222769
9789878204260
9789878204871
9789878205779
9789878206417
9789878208961
9789878208978
9789500215886
9781401971366
9789915680989
9789915677972
2180400203138
9789915680378
9789915680798
9789915686431
9788467075687
9789974690363
9789974885998
9788408249269
9798887242934
9781426326028
9780062268143
9780194239110
9780194239158
9780194364195
9780194400947
9780194401036
9780194442329
9780194626224
9783836587921
9780194643870
9789877389050
9780194674072
9780194730822
9780194803021
9780394890487
9789878203997
9780439846837
9780516222431
9780545215930
9780545220958
9780545636315
9780590149044
9780590930031
9780593123010
