9786313012206
9786316620231
9786379073805
9788413147161
9798217045839
9789502417110
9789502417868
9789502417875
9781546138570
9789506447618
9789507326646
9789877186178
9788427222694
9781546171454
9781546171423
9781546176435
9781546171447
9789878222370
9781546171430
9780194045575
9780194248877
9780194506489
9780194552875
9780194645744
9780194808330
9780593730249
9780593831243
9780593857243
9781631138577
9788412981551
9781464227318
9788448857554
9788448864897
9788466658362
9788466659840
9788467033434
9781546148043
9798217091508
9788427222717
9780194247672
9780194384360
9780194414876
9780194579575
9780194713535
9780194727877
9780194738965
9780194817158
9780451534057
9780593710586
9780593750544
