9788483468913
9788490327258
9788490628188
9788490705889
9788490708095
9788490708323
9788490708934
9788491052210
9788491992639
9788497592444
9788499890920
9788499925578
9789500209915
9789500211352
9789500298810
9789500440202
9789501297942
9789501516227
9789502416885
9789504937883
9789504947554
9789504953371
9789504966111
9789504967279
9789504970293
9789504974192
9789504975052
9789506201548
9789506203245
9789507316081
9789508523198
9789569961113
9789873202605
9789874924858
9789875807143
9789875809154
9789876703192
9789876704847
9789876705585
9789876706148
9789877352542
9789877380033
9789878001142
9786316553324
9789992510353
9789996708022
9871138512
9788466354523
9788466355162
9788418850998
