9789507318122
9781338359770
9789507883781
9789507884542
9789877804140
9789871524556
9789871524600
9789871886197
9789877976526
9789873688249
9789876671026
9789876672672
9789876673792
9789876700856
9789877188172
9789877188882
9789877256659
9789877353389
9789877353501
9789877370911
9789877386332
9789877693850
9789877950557
9789877950595
9789877950601
9789877950793
9789877950878
9789877977738
9789506447625
9789996759116
9788466665407
7754111020435
9789878220871
9789878221427
9789878318066
9789878318615
7891360154815
9789878453446
9789878453699
9789878940052
9789878940489
9789915670621
9789873612558
9789915670775
9789996715488
9781400351817
9798716754942
9780063251922
9788426425485
9780143106784
