9789502415611
9780593486283
9780593563076
9780593563106
9780679887386
9780823443475
9781302934729
9789877805499
9781338281613
9783836584296
9781338335491
9781338561609
9781338580754
9781338596588
9781338608908
9781338680270
9781338680294
9781338684667
9781338716405
9781338717402
9781338744989
9781338748970
9781338752502
9781338766530
9781338767650
9781338776249
9781338797855
9789877364934
9781338814187
9781338816105
9781338825251
9781338825923
9781338825954
9781338847130
9781338849998
9781338851953
9781338853636
9781338854046
9781338864182
9781338865356
9781338879117
9781338883442
9781339019956
9781339020914
9781338118513
9781426376856
9781524789671
9781524792657
9781546128106
9789878207216
