9789874880444
9789874880451
9789877185430
9789877187229
9780593800737
9789871786954
9788408251224
9789877365061
9789877381306
9789877510447
9789877972962
9789877976861
9789877978339
9789877978551
9789915686264
9789878000725
9788427044746
9788413441320
9789878200316
9789878200729
9789878203539
9789878203614
9789878203782
9789878203799
9789992538418
9789878204185
9789878204253
9789962726661
9789502414904
9789877910780
9789878940892
9789878988887
9789915651798
9789915662350
9789878201481
9782764379431
9789915662800
9780062404527
9789915680958
9789915680972
9789915686448
9781338894424
9789877257601
9789878201351
9789995308773
9789995309121
9781982165413
2111700102838
9780060256555
9780152024499
