9780593544006
9781635575569
9781984896391
9798868972201
9780316585057
9789878222318
9781464227288
9781484785058
9781015466319
9780593709979
9786313011490
9788408238140
9788408262848
9788498723076
9798869279910
9789504966715
9789504966739
9789504990956
9789504991106
9789506447373
9789871941896
9789877353686
9781338329711
9789878002262
9798868973178
9789915677088
9781442472433
9781021193117
9788439733430
9780194527699
9780194529136
9781546169628
9788410496279
9788420438757
9788420478920
9788426735676
9780440180296
9788439736080
9788466373197
9788466378987
9789877353747
9788491299790
9789502417882
9789502418018
9789502418049
9789504993315
9780679877615
7891360674641
9789876348621
9789877392579
