9789500767866
9789878222301
9789878435855
9789877188455
9788416883974
9788467075748
9780194645003
9781546171416
9780194556415
9780194645683
9780194727785
9780593685280
9781368084819
9781338827170
9780060934866
9780194413619
9780194413640
9780194233804
9780194770262
9780194463461
9780194643771
9780593176580
9780593898758
9781081293239
9781338894899
9781546104612
9781589256262
9789915680200
9781339036335
9781546139409
9789502408422
9789502417691
9780440351832
9789915691183
9780194005272
9780194005333
9780194247719
9780194626316
9780194791908
9789877186192
9789871713387
9789998900134
9780194050111
9781664340367
9789502417042
9780008201470
9780593902165
9788494852053
9789502417059
9789877978100
