9780198418191
9780194278805
9780194323468
9780194323475
9780194506120
9780194518000
9780194518727
9780194644471
9780194644495
9780194644518
9780194644525
9780194646703
9780194646895
9780194728645
9780194768986
9780194775601
9780194775618
9780194775625
9781664350557
9780194808309
9780194808620
9780194816441
9780194817615
9780194817653
9780241620175
9780241642993
9780385545990
9780385550444
9780451418500
9780451495150
9780553384925
9780593232866
9780593299531
9780593315651
9780593335666
9780593357378
9789915677729
9780593655733
9780593713082
9780593724750
9781302957179
9781324093060
9781338681482
9781338686531
9781338775402
9781338809978
9781338835779
9789508702661
9781524763596
9781534496194
