9789502408415
9789504928706
9789507320897
9789871849048
9789873612695
9789873854057
9789873854910
9789877186499
9789506447762
9789915680866
9789504991038
9789877910506
9789877977851
9781481497077
9786313000685
9789878371467
9788467075724
9788410496002
9781636572994
9789504966630
9789871849376
9789992574300
9780194392938
9780194455138
9780194643214
9780194643801
9780194643894
9789877479454
9789877479461
9781338823042
9781338830910
9781339011967
9781339019918
9781339020853
9781368080507
9781368113113
9781426323164
9781426373749
9781546111801
9781546131595
9781546171829
9781426322518
9789995326821
9789871713455
9789873854033
9789873854347
9789878203942
9789878371054
9786313070015
9780439693912
