9780593638446
9786313010516
9786316587411
9788408257578
9788413147031
9780545245036
9788419366597
9788419654939
9780593582398
9788448854065
9788448855437
9788494851964
9789697592104
9780679775430
9789871711994
9789871997558
9786180570717
9786180570731
9780590262675
9780887437069
9781338210194
9789604784196
9780060959470
9780545935340
7891360539353
9781546134008
9780143131618
9780143138594
9780194049603
9780194049634
9780194238991
9780194239394
9780194239738
9780194504638
9780194519298
9780194595841
9780194644433
9780194779166
9780194816823
9781426218156
9780439711210
9780440215622
9780590371254
9780593186008
9780593355442
9780593422434
9780762463541
9780593704950
9789877365320
9780765365286
