9789877805215
9789877950571
9789877950946
9789878001951
9789878453613
9786313071517
9789915670799
9789995302948
9789915677958
9781105567599
9780743215992
9786313011056
9786316508584
9786316620248
9786316620422
9788408046028
9788408072805
9788408090939
7891360662471
9788408210023
9788408244509
9788408251569
9788408254638
9789876706100
9788413147352
9788413441672
9788415431657
9788416076635
9788416859337
9788416859344
9788417247188
9788417636685
9788418619694
9788418798894
9788419085597
9788419449214
9788419449795
9788419498014
9788423357055
9788423434152
9788426729804
9788426732767
9788426736154
9788426737182
9788426738424
9788426738844
9788426738899
9788426738912
9788426739568
9788427227972
