9789507321566
9789507321887
9786313003426
9789568155537
9789871343379
9789871849550
9780385551281
9780593468630
9786313000388
9789877910049
9789877910896
9789877979077
9789878201375
9780063415911
9780593735138
9789878206219
9789500216296
7798083708786
9789915691190
9789992574259
9789992574287
9780063305397
9780060256654
9780194401067
9780194442299
9780194442411
9780194643238
9780194732925
9780194763004
9780194791984
9780545365727
9780785294771
9781476738024
9780593899083
9780792266709
9781338541243
9781338792447
9781338871357
9781338899603
9781368095099
9781426320446
9780593661307
9780380709168
9781546136064
9788427049307
9789871343829
9789874796516
9789878371313
9780063327535
9780194779012
