9789877181869
9789877256857
9780380709182
9780063429147
9789878222288
9789878435671
9789878453422
9780143112945
9781338359749
9786316508560
9786316533227
9781644738092
9788412044621
9788432234057
9788439737599
9788466346597
9781546152521
9788491295075
9788493777043
9788494030130
9786313070046
9789502417899
9789504979227
9789504984306
9789874479754
9789874856371
9780194789004
9780593722633
9781400346578
9780194808408
9788494799150
9789878201009
9789878371429
9789992226643
9780143107231
9780143111535
9780194045605
9780194323482
9780194506007
9780194511926
9780194643931
9780194645676
9780194646444
9780194646864
9780194646918
9780194808651
9780525555988
9780593405888
9780593467879
9780593705759
