9789878222325
9780307587428
9788448031121
9788448033811
9788466344906
9788427050587
9788499891828
9781538704370
9781546114468
9789875808621
9789875808683
9789875808690
9780063420199
9789877186444
9789877186666
9789877257335
9780380709243
9789877477962
9781339013220
9789877691481
9789878222424
9875661929
9786316691149
9788408254645
9788412586305
9788418620362
9788423347926
9788439734727
9788466373180
9788494180200
9788499086958
9789502817231
9789506445720
9789508523907
9789877353716
9789877694130
9789877694208
9789877805505
9780194005654
9780194006002
9780194006019
9780194278584
9780194278638
9780194278669
9780194644488
9780194645058
9780593134092
9780593542927
9780593729281
9780593733479
