9780062641540
9781546118947
9781546118954
9780194033602
9781546118961
9789814813273
9789814813259
9789814813266
9780194463737
9786180513578
9798225025984
9789974904576
9786180516456
9789871713844
9786180565188
9798225022471
9780194552882
9786180516739
9786180565171
9780194626248
9780062662378
9786180516432
9780194553674
9789605090111
9780194802543
9780194803038
9780194803090
9780194337311
9780194052177
9780194052306
9780194824620
9780194033619
9789604788187
9781544512273
9780194730259
9798225022501
9780194518260
9786180513059
9786180513080
9780194052160
9786180565027
9780194802536
9780194551038
9786180561890
9780194551069
8901180431993
9789974904606
9780194626231
9780449813379
9780194646529
