9781339042657
9781668001226
9786313012381
9788403522558
9788408247890
9788408253426
9788413140162
9788413145778
9788416859320
9788417167981
9788417247850
9788418483196
9788418850455
9788419260161
9788426738738
9788426739803
9788445013977
9788448855055
9788448863654
9788466357050
9788466359399
9788483463659
9788483469071
9788491050049
9788491055884
9789501138320
9789502417981
9789502818030
9789504948254
9789506444426
9789507325960
9789873612671
9789871093120
9789878209890
9786180566222
9789871093335
9789871093472
9789871783076
9789874568663
9789874924124
9789877805345
9786316620415
9789875710573
9789875711426
9789875712461
9789876092203
9789877353402
9789877387704
9789877389166
9789877389975
