9783836557153
9789915680804
9789915680859
9781912916870
9781400337057
9789998968073
9781250318541
9789878318981
9789974744783
9780194053877
9780194225588
9780194239196
9780194247573
9780194432184
9780194722674
9780194732888
9780194748575
9780194748773
9780679731726
9780194792547
9780399580437
9780451532640
9780545651882
9780590449724
9780590456944
9780593176528
9780593308431
9780593425787
9780593519264
9789998965102
9781250802729
9781302932152
9781338503296
9781338608816
9781338647433
9781338745269
9781338745627
9781338756845
9781338766554
9781338775891
9781338792706
9781338803365
9781338812312
9781338817140
9781338845679
9781338865561
9781338888881
9789878207810
9781339035475
9789915651118
