9780194534727
9780194569538
9780194571937
9780194574211
9780194577366
9780194579186
9780194609135
9780194644204
9780194646390
9780194715171
9780194729338
9780194740098
9780194769587
9780194774536
9780194791168
9780194808323
9780194645669
9780198394778
9780307931511
9780439269971
9780465024117
9780525515746
9780525635567
9780531237007
9780544570986
9781338767568
9780593543610
9780593566916
9780593621776
9780593889091
9780761151135
9780762447695
9780765350374
9781157775942
9781250166548
9781320531719
9781338530681
9781338692266
9781338874112
9781382006606
9781382006651
9781426218989
9781442370807
9781465290397
9781483450629
9781524761431
9781524763138
9781539689713
9781569757284
9781631498671
