9789504989554
9789504990031
9789504991069
9789504991090
9781546138419
9789505473069
9789506447526
9780194646369
9789507326110
9798746326225
9789507883316
9789507883590
9789507883699
9789878266084
9789871388189
9789871886074
9789873688348
9789873881848
9789507884573
9789876672580
9789876672924
9789876673310
9789876673402
9789876673471
9789876673525
9789876674485
9789877186970
9789877353280
9789877365092
9789877365108
9788408139249
9789877370645
9781546152323
9789877392388
9789877804317
9789877804737
9789877950960
9789878001418
9789878002422
9789878002453
9789878121123
9789878206738
9780553573404
9789878220192
9789878318509
9789878453118
9789878453187
9789878453354
9789878453514
9789878454399
