9780312674397
9780316040532
9780316252164
9780316310321
9780316370950
9780345545893
9780358362777
9780374348106
9780385549073
9780439388818
9780439791441
9780439894050
9780440236764
9780451228307
9780451465443
9780470425244
9780525429760
9780525434665
9780545562089
9780545861779
9780545886482
9780553212419
9780573681578
9780582081406
9780582364028
9780593230381
9780593356173
9781338601305
9780593655115
9781338601312
9780679785897
9780691169309
9780735212206
9780761158431
9780790613390
9780807032558
9780995284111
9781119868569
9781152825628
9781157445340
9781338089905
9781338159653
9781338312225
9781345522792
9781382036429
9781408215333
9789992596173
9781439149270
9781450744294
9781455538744
