9781338159172
9781338180633
9781338208696
9781338215243
9781338232172
9781338239935
9781338239942
9781338239959
9781338253788
9781338268539
9781338355871
9781338505252
9781338582970
9781338596649
9781338627725
9781338629132
9781338643732
9781338648263
9781338666540
9781338668322
9781338670097
9781338677171
9781338680126
9781338681796
9781338684681
9781338692242
9781338714548
9781338715422
9781338732733
9781338734256
9781338736625
9781338745467
9781338745535
9781338753356
9781338756364
9781338766660
9781338766691
9781338767230
9781338767940
9781338770476
9781338776348
9781338777246
9781338794977
9781338796339
9781338805857
9781338823059
9781338824490
9781338826456
