9780062675248
9780062868268
9780062868459
9780062868329
9780063272453
9780063272439
9780380709601
9780380709540
9780062676375
9780062475763
9780062085504
9780063287877
9780063415195
9780063311220
9780063413108
9781426374708
9780063467910
9780063056503
9780062563903
9789995301989
9780063083714
9780063395695
9780062085542
9780063050112
9780063203907
9781401603908
9780008240035
9789995300715
9780593852507
9780307277671
9780593549575
9780593578421
9780593712641
9780593582015
9789877186048
9798217118076
9780399245039
9786316620194
9789877182279
9789500216340
9781338702279
9780141194561
9789877180459
9789877979602
9780593705339
9780525707998
9780593493908
9781426338830
9781984899538
9780142408810
