9789992512746
9780194016285
9780194016483
9780194407311
9780194407380
9780194407397
9780194433440
9786180548464
9780194791700
9780593466490
9786313002870
9789878940342
9781338850055
9780194237895
9780194579421
9780194645768
9780194770019
9780194774413
9781338835793
9789604788903
9789604788927
9789605090128
9789877979541
9788418798832
9781339032306
9789974885325
9780194153287
9780194237765
9780194392891
9780194626200
9780194643252
9780194802888
9780679824114
9781339013176
9781368075749
9788419275448
9789974738560
9781338643824
9781338702262
7891360676263
9786070128486
9798880011711
9781400239474
9780062875471
9781984830203
9780394800011
9789877370102
9798217046348
9798225022457
9780593897614
