9781589254978
9781664350212
9788427238657
9781338762457
9780525581581
9781546141815
9789878209630
9789915651187
9786316620255
9798217046249
9781546110477
9781338541199
9780380807345
9781338668001
9786313001286
9781534421813
9786313012565
9781546171461
9780063413672
9786316620323
9789877184068
9788408267577
9789878317014
9788427049369
9788427049574
9788427050389
9788427050860
9781250301703
9788494646065
9789500730273
9788433977199
9780008203917
9786313001248
9789502415093
9789502417783
9789502417844
9789915680811
9789877187144
9789507320835
9789507320903
9789507321566
9789507321887
9786313003426
9789508702685
9789568155537
9789877478891
9789877479515
9789871343379
9789915686837
9786313001989
