9789877470680
9780194384551
9789568155797
9781339042978
9780194033633
9780194518079
9780194552783
9780194644372
9780194817219
9780194726573
9781464216558
9789500215817
9781546147992
9781546138518
9786313072699
9798225022723
9789974697041
9786313001194
9789974885356
9789974904057
9780062974136
9780194626217
9780194791366
9780593809570
9789504990994
9789877976892
9789974738584
9781339042985
9781680105896
9780451524935
9781368090353
9780194802857
9789915680569
9780718076344
9780593446096
9781664351509
9781338741056
9789500771887
9780194118446
9789877371406
9789877477702
9789996703928
9780194645027
9789504991076
9789814437578
9780194644556
9788448869564
9780194278553
9780194384513
9788466658843
