9788430608126
9788412071863
9789504969273
9781338158892
9789877387377
9789878120591
9780593234839
9783836546157
9789878205144
9780593122518
9781338252804
9781338271492
9781338273298
9781338606522
9781338823523
9781543329704
9786070128851
9788493976941
9789915677965
9788498452150
9780385550888
9789507321122
9789995308094
9780241303351
9789873994012
9789873994159
9789915680415
9780307951717
9789877974041
9789877977073
9789878453019
9789876671958
9780593719435
9789877256697
9789501297607
9780062936615
9789877804911
9789995308551
9789878208909
9780545942157
9781250899699
9789871256495
9788427216372
9788430601134
9789995303730
9788408257714
9781338233414
9788408119593
9788408247463
9780194792349
