9788466362207
9789878453507
9788467055351
9788494616037
9788497932462
9789500444422
9789501138450
9789501532999
9789504977575
9789504984160
9789506447663
9789507325816
9789871093014
9789871093571
9789871093588
9789871093779
9789871093847
9789873952241
9789875711099
9788466358095
9789877364682
9789877392364
9789504992400
9789877804843
9789877950670
9786316553188
9789877690903
9789878000145
9789878121246
9789878121253
9781546148012
9789877805291
9789878945538
9781728296685
9789915651071
9789915677873
9789974904880
734439124982
9780062798183
9780143039976
9780155084810
9780194034654
9780194049481
9780194070669
9780194131087
9780194049511
9780194238984
9780194342261
9780194410076
9780194414937
