9780194006026
9780194029452
9780194029513
9780194034159
9780194034449
9780194034456
9780194034463
9780194034470
9780194034487
9780194034494
9780194034517
9780194034524
9780194034531
9780194034715
9780198418207
9780194305648
9780194305778
9780194372169
9780194372206
9780194392907
9780194394796
9780194421904
9780194506052
9780194506175
9780194506298
9780194518499
9780194518697
9780194539685
9780194551014
9780194551021
9780194644501
9780194645010
9780194645034
9780194645614
9780194646802
9780194729345
9780194729369
9780194729741
9780194729901
9780194739443
9780194739450
9780194739467
9780194739825
9780194770224
9780194770767
9780194789134
9780194791748
9780194808293
9780194808644
9780194808675
