9781544534077
9789502415437
9789507324321
9780593580141
9789878120331
9789878120348
9781544534701
9789502416472
9789502416496
9789877976908
9788448866617
9789877364767
9781464221132
9780008537791
9789877364170
9780063157798
9789504993339
9783791373911
9780593855942
9780593983249
9780593854020
9786313001316
9781644213810
9780593544891
9780803736801
9780593581490
9781664340961
9789998994041
9780679866954
9781338865394
9781338875645
9781546110279
9781339037653
9781546132639
9780063238435
9780394800936
9780307389008
9781338814491
9789877392456
9781338284324
9789504992387
9786313001323
9783791374918
9780593137642
9788410299498
9780143129455
9780593352939
9780385490818
9783791371511
81787558052
