9788408245209
9788408248231
9788408253778
9788408266662
9788417305413
9788418798580
9788418820533
9788418915901
9788419743749
9788420459523
9788426726438
9788426726810
9788426728258
9788426728425
9788426733320
9788426733382
9780593700464
9788427209824
9781338739978
9788427901063
9788466362214
9788484418771
9788490438244
9788491052517
9788494220586
9786313002474
9789878203164
9789500769785
9789501129502
9789501129519
9789506447830
9789502413365
9789502414294
9781451627299
9789504973065
9789507325847
9789507326066
9788493755768
9789871713752
9780545009027
9789871783137
9789873993626
9780593139158
9789874924490
9780593310083
9789874924902
9789876349116
9789500211857
9789877185669
9789877187052
