9789998913646
9789877515480
9786313070718
9780062110756
9781400212323
9780194527675
9780194539678
9781338233582
9781546154273
9789996753381
9789998911857
9780194463997
9780593638880
9781338277708
9780593621110
9789877364811
9789877184747
9789915686097
9780194070003
9780194748599
9780194802871
9789915686073
9789877371291
9789877364163
9789878221038
9780194113946
9780194392914
9780194646291
9780194646536
9780194646567
9780194729352
9780194114189
9780194776301
9780194791656
7754111557993
9789604439553
9789877182309
9789877515473
9789877256567
9789915686394
9789915686417
9780194646352
9780194748797
9781339019116
9789568155698
9789500216630
9781338233551
9789505612185
9789500216623
9789877182323
