9780194644976
9780194645089
9780194645164
9780194808026
9786316542014
9789504990710
9781338760880
9781338299212
9789877515497
9789915677125
9789915686660
9780194005449
9780194123594
9780194643863
9780194643900
9780194789042
9780194802949
9781338535624
9789915677460
9781338680454
9789501298536
9786070133626
9789877353761
9789878000138
9789996706813
9781546138488
9781546131663
9780194802994
9789915677132
9781338741049
9789996705960
9788418798368
9780194063067
9781668021910
9786316620316
9781339011882
9789877392685
9788448868062
9789871941872
9789504988946
9780194646345
9789506447779
9780194808361
9789877392319
9789878220499
9781338878943
9780194384599
9780194644549
9780194645096
9780194645706
