9780593686652
9786070133947
9786070137358
9786070138348
9786070138386
9780062976581
9780143127741
9789504990888
9789871713530
9789874108029
9789915680392
9789974885332
9780194790536
9780593983515
9789877182316
9781338269055
9780593621028
9781546161042
9789873612565
9780881135589
9789877978094
9789915686653
9781546152361
9798225022730
9780062836557
9780593191699
9780593888025
9780593813355
9781426375156
9781546137665
9780593712382
9780385546898
9780194061421
9780194063364
9786313010707
9780545852500
9780194118453
9789508523921
9789504988496
9780194643788
9788439734840
9780194644990
9780194645584
9789504987895
9781984825575
9789814437592
9780194407298
9780194518048
9780194556392
9780194729642
