9788425361005
9788425362668
9788425363696
9788425365188
9788426444295
9788426481832
9788426481849
9788426481856
9788430616541
9788430624362
9788430625680
9788432213755
9788432239540
9789877383553
9788433908414
9788434435988
9788439735908
9788439737155
9788449338984
9788449339516
9788449340925
9788449341526
9788466334631
9788466349871
9788466352178
9788466357432
9780439538206
9788466371926
9788466372886
9788466668569
9788466676069
9788467055177
9788483469187
9788490328132
9788490625101
9788490704950
9788490705247
9788490706398
9788490706817
9788491054979
9788491991649
9788491992622
9788491993728
9788497593267
9788497595957
9788498755343
9788499928906
9788499989334
9789500206693
9789500299497
