9788497592475
9788497595698
9788497938440
9788498388473
9788498927818
9788499080130
9788499088174
9789500209298
9789500209854
9789500211208
9789500211581
9781589258723
9789500212281
9789500212342
9789500762038
9789501297980
9789501298406
9789501299175
9789501531893
9789873952890
9789502417172
9789502813226
9789502814056
9789504930594
9789504967026
9789504974314
9789504975496
9789504976332
9789506209391
9789871997404
9789873688171
9789874132017
9789874132383
9789874132567
9789874132574
9789874812872
9789874924278
9789875662834
9789876700245
9789877352504
9789877362268
9789877381856
9789877387636
9789877387926
9789877390261
9789877800708
9789877392623
9789878454108
9789996715544
9789996725609
