9780439398855
9780439756952
9780448461755
9780545458184
9780545819985
9780590270489
9780590471220
9780593174265
9780593177761
9780593522615
9780688154684
9781338158908
9781338187779
9781338208672
9781338239911
9781338300802
9781338670073
9781338767513
9781338798197
9781338883145
9781426324840
9781426324987
9781682630204
9781933605791
9782764352557
9781419784392
9786316592064
9786316592552
9780679891154
9788408229599
9788408240143
9788408240396
9788408253761
9788408254140
9788408260219
9788408266754
9788408271833
9788408273417
9788411320573
9788417424268
9788417541576
9788418594045
9788418798061
9788419421562
9788420459240
9788420482989
9788420483184
9788426406040
9788426726674
9788426726872
