9789877475753
9789915680385
9780194524230
9781338133684
9788448864767
9789508523853
9781546152378
9788494562907
9781640951877
7798083708663
9780194645065
9789502417462
9780194646796
9780194646857
9781339042961
9780063021433
9781338878967
9780823451845
9789878945286
9780063305083
9780194407366
9780194556385
9780881139037
9788408256274
9781538756591
9786313000449
9788466657549
7891360656227
9781339019123
9789877474572
9789877476606
9780399256738
9789998911437
9789915686509
9780064404990
9780194234252
9780194796347
9780316556514
9780593834510
9780593899557
9781501125713
9786180534801
9786313072705
9789504965923
9789604784158
9781400343348
9781631139697
9786313001347
9789915662954
9788427050723
