9781338892710
9781476753188
9780062692801
9780062692788
9780063228313
9780063355422
9780062236937
9780061935046
9780061935060
9780063070950
9780063071025
9780063070981
9780064401845
9780063305656
9780062930682
9780063343160
9780062676405
9788419743473
9780063320970
9780062933683
9780062279286
9780063382435
9780063045699
9780062085580
9780062676436
9780194802840
9780062699978
9780062699947
9780063450042
9780063271098
9780061853838
9789915680231
9780062964502
9780061702235
9780063060715
9780063037571
9780063037427
9780063037557
9780063060692
9780063290099
9780063257207
9781400247134
9780062430793
9780062430670
9780062974174
9780062675187
9780062404282
9789500772600
9780062404213
9780062404268
