9781546175575
9781368026963
9780593468463
9789878209296
9780062868305
9788415580690
9783836566193
9789878204376
9789878202105
9788408254454
9789507321818
9788417636647
9783791388243
9789996759246
9789500772587
9780063413825
9788467793253
9781368068239
9786070128912
9789996759192
9780062692573
9781589254794
9789877365054
978991577996
9780525556572
9781338787849
9781338328608
9781546171874
9788448862343
9789502416908
9789500286763
9780451534040
9789877365191
9789873804892
9789878205540
9783791381534
9789871783236
9781426209482
9789504982241
9788494852091
9789878208169
9789877187373
9789877977486
9781414391335
9781441343062
8902023000390
9786316553157
9788415594291
9788416029235
9788449308536
