9780374602048
9780440420477
9781338865608
9780593714379
9780593871775
9780593978511
9789502417318
9781338312256
9781664350250
9781476753164
9781623542894
9781680106527
9789504978329
9781338883329
9788419283030
9781338687224
9780744028638
765023060911
9786313011094
9788408278672
9781339032313
9786313002221
9789874830722
9781400346561
9789974702073
9789502414317
9798217045679
9781338272314
9781426377235
9789871343133
9781589255197
9789998910379
9789878202303
9781543323993
9781543386158
9781943145317
9786313000593
9789878222523
2180400203343
9789877365436
9788408247210
9788408268109
9788412981520
9788412981582
9788415580362
9788417968106
9788418796371
9788427050303
9788427050402
9789877473780
