9780593233528
814743015197
9780812968255
9780063411524
9781250044433
9781449474256
9789507884061
9788494994722
9781501110368
9788448857844
9788494852022
9781338681413
9789874108067
7848003220017
9789507884184
9780545861311
9781338216233
9781580898928
9781631139574
9781669915171
9788494220562
9789877691214
9789501137026
9789502417363
9789507320934
9789507321139
9789507324376
9789810730864
9780829770629
9783791346199
9789873951183
9789500216494
9780374533557
9789992578490
7891360152002
9875661139
9789915686929
9780307465375
9781984801463
9789878207209
9788415277491
9789502818047
9789501533217
9788430617272
9780593135228
9786313000821
9789878318851
9789878222561
9788420433936
9781368062237
