9781338030310
9781451673319
9780593379882
9789878371092
9789974894471
9780593334836
9780194053938
9781426320705
9781683692591
9789502416892
9789505472086
9788466378970
9789998965089
9780593750650
9789878203560
9789878206943
9789504991656
9789500216067
9789877976489
9780439023528
9780008240042
9789878204116
9781449486808
9789915677446
9784805317723
9788491050100
9788494852084
9789501119664
9789507324192
9789874924773
9789875795181
9788430609277
9789878120324
9789878120386
9789878120393
9789500212762
9789992574263
9789502417189
9780593622476
9788491057093
9789877805116
9789877254433
9789878203294
9781338568905
9788410352247
9788466363310
9789877364668
9780008537784
9789507324239
9789500215176
