9780316537049
9780316450010
9780593901779
9783791371399
9789502817927
9789878222349
9780316574525
81787969001
9786313011810
9788401028052
9788433981264
9788439733607
9788466355698
9780194200615
9789502416045
9789502817057
9789504939320
9789504965008
9789504965015
9789504965022
9789504966722
9789508523891
9789877181197
9789877184051
9780593889404
9780194202244
9781338670066
9789877693843
9789877970210
9789877950830
9789878222233
9781400349333
9786313010936
9786313012206
9786316620231
9786316620347
9786379073805
9786313010905
9788413147161
9788419965615
9798217045839
9786316620088
9788439733393
9788466331333
9789504974338
9789500768511
9789501533019
9789502417110
9789502417868
9789502417875
