9781546148050
9788494220555
9788494795190
9789500214100
9789502410883
9789502414829
9789502415086
9789502417738
9789504928690
9789504992677
9789507322204
9789508702296
9789568155483
9789871343409
9789500215688
9789871849031
9789873854729
5060213019133
9789507321306
9789877185157
9786313000609
9789877187083
9781442472464
9780593902691
9781631134050
9789877910179
9789877910902
9786313001156
9789877978285
9781631134074
9781631134180
9781426324925
9786313000968
9786313003181
9789878204468
9789878204864
9789878206950
9789878940915
9789877977790
9789915677095
9789877472110
9786313003396
9788427226166
9780349132617
9781339043685
9789992585801
9789877472097
9789877476101
9780063111486
9789877478242
