9789501129366
9789501129526
9789501131079
9789501135008
9789501136562
9789502409467
9789502411026
9789502417271
9789502417295
9789504969129
9789504984689
9789504985723
9780063055735
9781958803837
9789507323041
9789507324932
9789507326370
9789508702456
9789871208463
9789871296224
9789871343393
9789871713264
9789871713547
9789877951004
9789871849154
9789873820731
9789873854958
9789873994302
9789874108142
9789874880444
9789874880451
9789877185430
9789877187229
9780593800737
9789877362992
9789877364026
9789871786954
9788408251224
9789877365061
9789877381306
9789877510447
9789877972962
9789877976861
9789877978339
9789877978551
9789915686264
9789878000725
9788427044746
9788413441320
9789878200316
