9789877365245
9789877183108
9781400347766
9781338801897
9789878222295
9789878222301
9789878435855
9789877188455
9788416883974
9788467075748
9780194645003
9789877353662
9788466355407
9789877353488
9789877353754
9781338878981
9789878220482
9789878435817
9781546171416
9780194556415
9780194645683
9780194727785
9780593426876
9780593685280
9789915680507
9781368084819
9781668013342
9781338827170
9786313001224
9786313001965
9781338219630
9789874924926
9789877478983
9781339013213
9781338740264
9780060934866
9780194413619
9780194413640
9780194233804
9780194770262
9780194463461
9780194643771
9780593176580
9780593898758
9781081293239
9781338894899
9781546104612
9781589256262
9789915680200
9781339036335
