9789877804805
9789500213127
9789500213615
9786316691262
9781339056302
9789873952166
9789995303242
9780063097308
9780063432109
9780063373471
9781338274035
9780063031722
9780062086334
9781604334517
9780063430686
9780345806796
9781400351886
9780060518509
9780063414686
9788494994715
9781338614060
9781400351855
9789878203300
9781400351879
9780063311206
9780063311244
9780593512685
9780061246470
9781400351862
9798987695425
9783836551014
9789877976465
9781612620268
9781641012263
9788448851927
9789877371338
9780063203877
9781984862778
9789953017365
9783791387932
9780593807989
9789974894488
9780307950680
9780593685389
9788490070369
9780545208857
9780545433150
9789876708258
9789500773096
9781664350496
